,permanent_resident_2001,permanent_resident_2002,permanent_resident_2003,permanent_resident_2004,permanent_resident_2005,permanent_resident_2006,permanent_resident_2007,permanent_resident_2008,permanent_resident_2009,permanent_resident_2010,permanent_resident_2011,permanent_resident_2012,permanent_resident_2013,permanent_resident_2014,permanent_resident_2015
Switzerland,7285214.0,7342981.0,7405051.0,7454112.0,7501255.0,7557609.0,7618599.0,7711056.0,7801278.0,7877571.0,7912398.0,7996861.0,8089345.5,8188648.5,8282396.0
ZH,1242020.0,1257924.0,1271011.0,1281018.0,1292481.0,1306603.0,1322842.0,1347351.0,1366821.0,1383661.0,1382732.0,1400485.5,1417056.5,1435946.0,1456389.0
BE,952877.0,955428.0,958646.0,961647.0,963657.0,966743.0,969907.0,974591.0,979554.0,983453.0,982424.0,988831.5,996949.0,1005349.5,1013450.5
LU,348863.0,351394.0,352708.0,353891.0,355766.0,358257.0,361924.0,366425.0,370931.0,375155.0,379788.0,384024.0,388215.5,392476.5,396683.0
UR,34562.0,34544.0,34740.0,34765.0,34652.0,34575.0,34447.0,34648.0,34772.0,34750.0,35402.0,35537.5,35779.0,35936.5,35990.5
SZ,129616.0,131660.0,133681.0,135175.0,136509.0,138160.0,139874.0,142033.0,143699.0,145209.0,147317.0,148867.0,150613.0,152077.5,153426.0
OW,32484.0,32769.0,33015.0,33050.0,33078.0,33405.0,33785.0,34137.0,34667.0,35202.0,35735.0,36000.0,36311.0,36670.5,36955.0
NW,37665.0,38121.0,38385.0,38741.0,39094.0,39374.0,39566.0,39913.0,40164.0,40238.0,41167.5,41447.5,41736.0,41984.0,42250.0
GL,38058.0,38156.0,38283.0,38273.0,38098.0,38001.0,38034.0,38165.0,38259.0,38448.0,38912.5,39293.0,39481.0,39693.5,39911.0
ZG,100557.0,101857.0,103156.0,104680.0,106350.0,107352.0,108826.0,110390.0,111151.0,111918.0,114104.5,115839.5,117346.5,119103.5,121111.5
FR,241822.0,245182.0,248511.0,251943.0,255462.0,259775.0,264151.0,268830.0,273855.0,278591.0,281580.5,288031.5,294508.5,300499.5,305419.0
SO,243348.0,244774.0,245673.0,246139.0,246852.0,247562.0,249005.0,250590.0,252083.0,253370.0,256137.0,258136.5,260360.0,262578.0,265068.5
BS,191108.0,190544.0,190718.0,190948.0,190536.0,190324.0,189777.0,190531.0,192068.0,193627.0,185602.5,186840.0,188380.0,189957.5,191198.5
BL,259718.0,261097.0,262913.0,264028.0,264664.0,265829.0,267247.0,269249.0,271125.0,272506.0,274882.0,275948.5,277596.5,279978.5,282266.0
SH,73390.0,73687.0,74175.0,74165.0,74116.0,74335.0,74598.0,75045.0,75691.0,76106.0,76747.5,77547.0,78369.0,79100.0,79626.5
AR,52924.0,52732.0,52701.0,52540.0,52410.0,52280.0,52345.0,52517.0,52681.0,52590.0,53165.0,53375.5,53564.5,53877.5,54303.5
AI,14724.0,14706.0,14676.0,14675.0,14987.0,15140.0,15028.0,15147.0,15517.0,15813.0,15715.5,15730.0,15747.5,15816.0,15914.0
SG,452894.0,455479.0,457879.0,459377.0,460917.0,463020.0,465852.0,470268.0,474316.0,477196.0,481031.5,485108.0,489379.5,493761.5,497444.5
GR,189967.0,190144.0,191196.0,191618.0,191297.0,191441.0,191878.0,193035.0,194753.0,195401.0,193004.5,193654.0,194439.5,195422.5,196248.0
AG,547727.0,553404.0,558885.0,563334.0,567228.0,572719.0,578790.0,587471.0,596795.0,604329.0,614882.0,622819.0,631851.0,640819.5,649476.0
TG,228174.0,229253.0,231461.0,232953.0,234021.0,235922.0,238141.0,240656.0,244069.0,246856.0,250208.5,254093.0,258245.5,262005.5,265581.0
TI,310964.0,312962.0,316521.0,319394.0,322145.0,324837.0,327632.0,331600.0,333567.0,336896.0,335348.0,339297.5,344095.5,348451.0,351154.5
VD,634875.0,640842.0,648526.0,656405.0,663530.0,671432.0,678143.0,690870.0,704916.0,716483.0,719612.5,730150.0,741864.5,755409.5,767426.5
VS,275765.0,278762.0,283590.0,286549.0,289527.0,293304.0,296923.0,301045.0,305178.0,309325.0,314853.0,319377.0,324371.5,329387.0,333729.5
NE,166939.0,167553.0,168171.0,168676.0,169259.0,169407.0,169895.0,171095.0,172263.0,172378.0,172634.0,173868.5,175478.0,176864.5,177717.0
GE,416356.0,422193.0,427914.0,432235.0,436721.0,439785.0,441756.0,446957.0,453674.0,459210.0,459124.5,461817.5,466267.0,473409.0,481060.5
JU,67817.0,67814.0,67916.0,67893.0,67898.0,68027.0,68233.0,68497.0,68709.0,68860.0,70287.0,70742.0,71340.0,72074.0,72596.0
