,education_expense_total_2005,education_expense_per_hab_2005,education_expense_percent_total_2005,education_expense_total_2006,education_expense_per_hab_2006,education_expense_percent_total_2006,education_expense_total_2007,education_expense_per_hab_2007,education_expense_percent_total_2007,education_expense_total_2008,education_expense_per_hab_2008,education_expense_percent_total_2008,education_expense_total_2009,education_expense_per_hab_2009,education_expense_percent_total_2009,education_expense_total_2010,education_expense_per_hab_2010,education_expense_percent_total_2010,education_expense_total_2011,education_expense_per_hab_2011,education_expense_percent_total_2011,education_expense_total_2012,education_expense_per_hab_2012,education_expense_percent_total_2012
ZH,4708675.0,3700.0,24.4,4701813.0,3662.0,24.1,4832348.0,3696.0,24.2,5188557.0,3893.0,27.0,5537892.0,4098.0,27.5,5547621.1,4040.3105308695563,27.765698227298273,5691870.344819999,4087.824401118647,24.767456780908308,6290164.32,4465.622576007668,29.621350481299896
BE,2919376.0,3050.0,23.2,3033431.0,3163.0,23.8,3069599.0,3188.0,23.0,3196015.0,3297.0,25.8,3297835.0,3385.0,25.3,3295414.45,3363.3473395645246,24.727014004844467,3419974.1681,3471.8928538362675,25.001578092375553,3769395.21,3797.431647856122,26.139035865916107
LU,1224398.0,3436.0,27.2,1240634.0,3455.0,27.5,1291564.0,3553.0,26.7,1252648.0,3397.0,30.4,1292237.0,3465.0,29.7,1307606.61,3462.8495272900614,29.401870901213428,1307396.048,3422.8073912337745,29.500963640565033,1387553.91,3593.935770121373,30.379277430434133
UR,91839.0,2617.0,17.4,93448.0,2674.0,15.8,95547.0,2731.0,15.9,105619.0,3004.0,21.2,107875.0,3053.0,22.9,107562.85,3036.6114279261474,22.782242284387642,111646.66695,3155.4651220959813,22.95438217473392,112840.0,3161.4041969013533,23.08722227022085
SZ,382525.0,2782.0,27.7,401933.0,2895.0,27.7,385726.0,2735.0,26.4,416229.0,2896.0,29.7,444399.0,3071.0,29.9,470875.48,3209.12887616711,30.19411324031967,443336.95519999997,2997.464268714842,27.31041767223511,436568.32,2913.757725422145,26.1882715498584
OW,91500.0,2750.0,21.7,106647.0,3159.0,23.4,97226.0,2860.0,21.1,105851.0,3074.0,25.4,118449.0,3381.0,25.6,130237.44,3659.897147674582,27.299492837174128,124152.36239,3459.728644001672,25.670511763039627,116891.33,3236.6421154644886,25.37809681123096
NW,125901.0,3163.0,25.1,138465.0,3461.0,28.2,149900.0,3721.0,28.7,128464.0,3154.0,27.2,127387.0,3123.0,28.3,128545.16,3133.4136115444617,27.890540154666834,135631.48963,3283.180983999419,26.109771468630054,131104.01,3152.751298576376,28.98855091619505
GL,117880.0,3088.0,24.3,107021.0,2810.0,21.6,105433.0,2757.0,21.6,119932.0,3126.0,25.7,122980.0,3196.0,27.0,122893.8,3183.117488603398,25.856462019626687,119290.02128,3041.7936425529747,25.661942621852184,125034.59,3175.965607457644,27.399038609129857
ZG,395230.0,3711.0,28.6,396494.0,3700.0,28.7,401227.0,3676.0,26.4,430354.0,3899.0,26.5,470206.0,4240.0,26.8,459154.25,4059.539808142876,26.174132763170906,480293.21516,4172.689178134557,25.901188068339938,480909.05,4125.318893416255,25.923814319179968
FR,1059098.0,4170.0,31.8,1027826.0,3980.0,30.6,1043721.0,3965.0,30.3,1163913.0,4334.0,32.2,1183577.0,4333.0,32.4,1219659.72,4379.498658853185,32.159016785392474,1255083.6180899998,4408.938194985034,31.639905577212023,1356814.68,4656.273031452152,33.38046608519944
SO,718629.0,2898.0,26.7,732877.0,2948.0,26.1,746309.0,2982.0,25.9,779472.0,3095.0,28.3,768374.0,3040.0,28.0,789216.45,3091.523362216198,27.752297905281374,818314.0294,3184.2251815245727,28.120136318042952,832053.2,3209.054199465449,27.762694304412644
BS,950405.0,5121.0,23.2,964609.0,5219.0,23.3,1037532.0,5601.0,19.8,1012810.0,5426.0,22.6,1033449.0,5500.0,26.2,1099195.38,5943.202919708028,25.117214521176255,1146875.3343899997,6157.554612708382,27.349091996420714,1297380.01,6922.128904895291,28.988994518905553
BL,947325.0,3560.0,29.1,980730.0,3671.0,29.5,1062427.0,3947.0,30.6,985479.0,3634.0,32.0,1019692.0,3738.0,31.7,1046460.99,3813.577753968601,31.51017336650239,1289110.52,4681.546048808832,34.9446326679418,1047098.98,3786.469730994406,29.361939221495405
SH,206857.0,2804.0,21.9,209453.0,2836.0,21.1,210528.0,2825.0,20.5,211231.0,2805.0,23.4,217263.0,2872.0,23.7,237819.32,3114.6120802556443,24.743340247290103,238095.31475999998,3086.575075642671,24.044519008702324,242961.15,3116.6846257456223,23.57805740467594
AR,139314.0,2651.0,23.0,145011.0,2762.0,22.4,146485.0,2782.0,22.0,155118.0,2924.0,26.1,164746.0,3106.0,26.8,169404.33,3195.2832110455133,27.18852153714417,175535.615,3292.5480651998573,26.074726984453296,172555.45,3229.077622665519,22.80253677193326
AI,45192.0,2969.0,27.5,48628.0,3178.0,28.6,49008.0,3168.0,29.1,50819.0,3268.0,32.9,52554.0,3351.0,32.5,55499.76,3537.7205507394187,33.47466435941312,57862.664,3675.453471384107,33.55625026413565,53932.12,3431.451294776357,30.962458272809602
SG,1562548.0,3397.0,27.8,1612022.0,3491.0,27.9,1679941.0,3606.0,28.4,1771715.0,3760.0,33.0,1942559.0,4092.0,34.6,1943548.44,4058.3003380614605,33.65687767177292,1933415.1253899997,4001.637411912508,32.836162261949895,2077302.53,4264.982815258901,33.79764014697458
GR,531943.0,2832.0,16.1,566905.0,3017.0,16.8,584068.0,3094.0,16.8,637073.0,3345.0,19.4,673394.0,3510.0,19.1,684235.85,3552.2391120386665,18.750090895171738,676352.6776599999,3497.3870026061595,18.52561201074443,689187.98,3553.9809199669967,18.309476049173888
AG,1770290.0,3109.0,29.7,1907333.0,3318.0,30.0,,,,,,,,,,2004378.3,3277.988146520003,31.80412803471616,2031044.44252,3284.8957016196073,31.069961714260984,2121317.51,3381.447875155418,31.445473664487274
TG,739402.0,3155.0,30.5,772916.0,3278.0,31.2,795145.0,3337.0,30.9,873003.0,3610.0,34.7,864328.0,3531.0,33.5,887508.08,3572.2661042327445,33.14210342464004,951679.47915,3776.910538629139,34.01166095987264,945969.25,3692.1204232416,32.143730696683754
TI,881736.0,2736.0,20.7,896758.0,2761.0,20.8,943348.0,2871.0,20.9,958434.0,2880.0,23.2,970990.0,2892.0,22.8,1039100.92,3113.3830107894164,23.209340812176002,1042806.34462,3094.904315032513,22.895932082630345,1062260.9,3109.1897603409316,22.877314915835726
VD,2133485.0,3262.0,21.0,2108339.0,3184.0,20.8,2084340.0,3102.0,20.2,2444424.0,3552.0,26.0,2720238.0,3878.0,26.5,2651230.8,3716.9513838164758,25.478236217589977,2697193.2056500004,3715.428746087853,24.652704472645606,3002225.92,4088.243195398417,24.51633016372894
VS,785819.0,2695.0,22.7,824702.0,2799.0,22.9,872913.0,2924.0,22.7,893812.0,2948.0,22.5,919650.0,2992.0,22.3,906485.69,2899.0472489798008,21.44458565923604,994729.54932,3137.730344644851,22.522628221475614,991300.91,3081.1386806410305,19.450824186062913
NE,628409.0,3731.0,22.8,634869.0,3759.0,22.7,640249.0,3771.0,23.6,636033.0,3721.0,26.1,687883.0,4008.0,26.5,647596.4,3763.235610308859,25.24270338363729,659981.1174000001,3810.8885825975995,24.49648776075404,712856.8,4083.8754769297752,25.28542993317252
GE,2072431.0,4812.0,21.9,2094373.0,4834.0,21.9,2094790.0,4781.0,21.7,2193450.0,4917.0,22.4,2335104.0,5151.0,23.0,2468921.9,5394.015708464874,24.0388825077397,2328544.51521,5056.183724133289,22.166048877821197,2572855.05,5555.710417381953,22.17117897465029
JU,209617.0,3033.0,19.3,211659.0,3055.0,19.6,209644.0,3014.0,19.3,232374.0,3328.0,24.4,236769.0,3376.0,24.1,236690.76,3379.7515421521593,21.21028749362988,246918.98797,3500.311700405432,21.590250260226117,259671.3,3660.3323842011782,22.04844014188337
Switzerland,25439824.0,85232.0,,25958896.0,87069.0,,24629018.0,84687.0,,25942829.0,87287.0,,27309830.0,90382.0,,29656864.230000004,3768.2794511503876,26.8379578296719,30377133.812060002,3818.783728593371,26.131323583205003,32288204.480000004,4016.4154117521207,26.939523315824022
