,"Total

Nombres absolus_2013","Total

Intervalle de confiance: 
± (en %)_2013","Sans formation postobligatoire

Nombres absolus_2013","Sans formation postobligatoire

Intervalle de confiance: 
± (en %)_2013","Degré secondaire II professionnel

Nombres absolus_2013","Degré secondaire II professionnel

Intervalle de confiance: 
± (en %)_2013","Degré secondaire II 
général

Nombres absolus_2013","Degré secondaire II 
général

Intervalle de confiance: 
± (en %)_2013","Formation professionnelle supérieure

Nombres absolus_2013","Formation professionnelle supérieure

Intervalle de confiance: 
± (en %)_2013","Hautes écoles

Nombres absolus_2013","Hautes écoles

Intervalle de confiance: 
± (en %)_2013"
Switzerland,6744794,0.0,1723467,0.006999999999999999,2395069,0.005,764883,0.011000000000000001,817002,0.01,1044373,0.009000000000000001
ZH,1186269,0.001,245357,0.02,400805,0.013999999999999999,134163,0.028999999999999998,156008,0.026000000000000002,249936,0.02
BE,840897,0.001,193458,0.021,346905,0.013999999999999999,91042,0.033,109392,0.03,100100,0.03
LU,323921,0.002,82342,0.024,124351,0.017,34296,0.04,47417,0.033,35515,0.039
UR,29703,0.01,10458,0.086,12455,0.077,2416,0.217,2436,0.215,1937,0.25
SZ,126234,0.004,32551,0.053,50911,0.038,11824,0.096,15839,0.08199999999999999,15110,0.085
OW,30287,0.009000000000000001,8373,0.10300000000000001,12311,0.078,2793,0.203,4137,0.163,2673,0.21100000000000002
NW,35476,0.009000000000000001,7742,0.11,15751,0.064,3372,0.17600000000000002,5269,0.14,3343,0.185
GL,32970,0.01,9698,0.09699999999999999,13559,0.07400000000000001,3145,0.19399999999999998,4189,0.16399999999999998,2378,0.225
ZG,98057,0.004,19385,0.05,33476,0.034,11313,0.069,14260,0.059000000000000004,19623,0.05
FR,240899,0.003,79169,0.033,78303,0.032,25693,0.065,24715,0.065,33019,0.055999999999999994
SO,220463,0.003,56540,0.040999999999999995,92096,0.027999999999999997,22410,0.07200000000000001,28694,0.061,20723,0.075
BS,159972,0.004,39129,0.051,42843,0.046,20385,0.076,14844,0.08800000000000001,42771,0.048
BL,235396,0.003,52490,0.043,94609,0.027999999999999997,27926,0.063,29415,0.06,30957,0.059000000000000004
SH,66462,0.006,15732,0.08,26958,0.052000000000000005,7380,0.124,8701,0.11,7690,0.12
AR,44898,0.01,10947,0.09300000000000001,19506,0.061,3703,0.177,5908,0.136,4834,0.154
AI,12962,0.015,3423,0.16899999999999998,6090,0.106,1071,32.5,1310,30.5,1069,34.1
SG,408564,0.002,105885,0.03,167480,0.021,41200,0.053,51372,0.045,42627,0.052000000000000005
GR,165927,0.004,43285,0.047,67495,0.033,19608,0.076,18521,0.077,17019,0.08199999999999999
AG,532007,0.001,125325,0.019,218984,0.013000000000000001,52825,0.032,72998,0.026000000000000002,61874,0.028999999999999998
TG,217544,0.003,50937,0.043,94569,0.027000000000000003,20995,0.073,30035,0.059000000000000004,21009,0.07200000000000001
TI,293233,0.001,84092,0.023,77125,0.024,55302,0.03,31228,0.040999999999999995,45486,0.034
VD,608946,0.001,178769,0.016,170224,0.016,70231,0.027999999999999997,62039,0.028999999999999998,127682,0.019
VS,272021,0.002,91540,0.03,94634,0.028999999999999998,29545,0.061,24400,0.067,31903,0.059000000000000004
NE,145622,0.002,46816,0.03,42823,0.031,18095,0.054000000000000006,15379,0.057999999999999996,22509,0.048
GE,356753,0.002,109546,0.02,69933,0.026000000000000002,47486,0.034,32783,0.040999999999999995,97005,0.022000000000000002
JU,59311,0.003,20475,0.043,20875,0.042,6666,0.08800000000000001,5716,0.096,5579,0.098
