,"Total

Nombres absolus_2014","Total

Intervalle de confiance: 
± (en %)_2014","Sans formation postobligatoire

Nombres absolus_2014","Sans formation postobligatoire

Intervalle de confiance: 
± (en %)_2014","Degré secondaire II professionnel

Nombres absolus_2014","Degré secondaire II professionnel

Intervalle de confiance: 
± (en %)_2014","Degré secondaire II 
général

Nombres absolus_2014","Degré secondaire II 
général

Intervalle de confiance: 
± (en %)_2014","Formation professionnelle supérieure

Nombres absolus_2014","Formation professionnelle supérieure

Intervalle de confiance: 
± (en %)_2014","Hautes écoles

Nombres absolus_2014","Hautes écoles

Intervalle de confiance: 
± (en %)_2014"
Switzerland,6829609.999999963,-,1706547.022454698,0.00665851829302484,2384675.1830835254,0.0051378424518833355,785143.8289071419,0.010588012676059936,839301.1014482147,0.010087087589920857,1113942.8641063822,0.008435059894134341
ZH,1203038.000000003,0.001191493848533561,246513.24282422036,0.02066985312073837,402820.95195066795,0.014124413409633262,132949.9277221517,0.02936574525341903,156092.72077814955,0.025927395965827372,264661.1567248133,0.018981419137979804
BE,847848.9999999923,0.001190589361100273,190717.8346459859,0.021573902028505083,339839.2436504963,0.013891957456312382,95911.19110445457,0.032075055508563904,112109.31058954338,0.029189291156903927,109271.42000951232,0.028182600386246464
LU,327990.000000002,0.001472402795079513,79745.90734974749,0.024163795933856844,126949.08323719288,0.01678298097318646,35387.0599664051,0.03916169064297631,46291.441019526086,0.03266705816599761,39616.50842713025,0.036483689702333885
UR,29845.999999999818,0.009483966689141048,9334.595679268125,0.09788224686116664,12440.257622419187,0.07462907333890395,2768.3828662413525,0.2082072537331564,3054.234617037179,0.18399994594750765,2248.5292150339847,0.2258008571086464
SZ,127728.99999999852,0.0036214396343537025,31837.728999576182,0.05385498587635719,49442.839697747615,0.03835579404596124,12957.855443477658,0.09250193402609358,16012.987900316748,0.07901500051323675,17477.58795888031,0.07725652884593898
OW,30645.999999999847,0.00688988857938508,8499.402361412866,0.10354699986465342,12288.80183296478,0.07679418686832765,2663.6777526542323,0.2074475799322908,4363.902197823287,0.154875522713331,2830.2158551446837,0.2038516386115745
NW,35764.9999999997,0.005528581724856582,7436.95774092919,0.1125841912911731,15132.136500773307,0.06675194106243962,3911.7905294647503,0.1639718326937296,5157.214259227051,0.13908418412471008,4126.900969605399,0.15912053780434324
GL,33297.00000000004,0.009052931778839438,9319.514339897516,0.09873982983987843,14146.94390957849,0.06842195643030899,3556.000882506884,0.17215751293107628,4197.998464287145,0.15647950471464045,2076.542403730014,0.23517451887203436
ZG,99802.99999999943,0.00278245587776421,19482.63323127848,0.04922078202617476,32585.701561270504,0.03425345111832428,10675.615271061744,0.0698776833545844,15197.19482098665,0.05615388314523888,21861.85511540212,0.04708559011546366
FR,246169.99999999558,0.002420228719497475,76230.35201865119,0.0333478113367606,77563.96727793128,0.032321855383349814,28680.60145745647,0.061424152571555236,27739.315019716913,0.06149596285990869,35955.76422623984,0.0538160921912212
SO,222919.00000000373,0.0029599954615608394,55580.81869138466,0.04151303021211341,93159.58231965172,0.027226921039206504,22449.539308983047,0.0705344170701426,29463.977821394248,0.058891675964905736,22265.081858590067,0.0704398156621853
BS,161225.99999999572,0.0032910528782424727,38152.001398338405,0.05144625488660863,42752.99517842876,0.04656762619076076,19888.890368468157,0.07655833719585907,17107.534927800785,0.08154641053479501,43324.57812695957,0.048088711474359384
BL,237626.00000000352,0.00223139315266145,51518.48514709737,0.04378204306106985,91162.353203808,0.0283941293859791,27685.3466068756,0.06345527278239013,33593.52006433561,0.055134592463398836,33666.294977886966,0.05598067830983989
SH,67102.99999999868,0.006100071527809448,15623.340833717051,0.07772338382353586,27302.84176837264,0.05176586405528008,7492.236413844608,0.122154833613804,8824.277274585154,0.11021058343633272,7860.303709479212,0.12025684164040948
AR,45310.99999999981,0.005333321274062905,11068.15375272787,0.09314007225910743,18691.51324036477,0.061144580259684486,4518.220933748009,0.1567572091296549,6103.752954058698,0.1289882146996109,4929.359119100465,0.14745335969671505
AI,13087.999999999958,0.01515037101876362,3618.8043370607934,0.15760081204830187,5135.7140652196,0.1168844220260176,1469.6935851104038,0.2735142355416455,1743.3814727158874,0.2424738330609646,1120.4065398932778,0.3132980688993252
SG,412847.99999999313,0.0017033761803290604,103718.62284586072,0.03044448181520088,170108.4347682101,0.02065102292732895,43689.873041419065,0.05078677202592695,53309.46022130791,0.044600857564337563,42021.609123195376,0.05196051333408889
GR,167111.00000000134,0.0031168088796438695,42617.38955526397,0.046884830091241586,67029.91868239822,0.03292891333288532,20288.545701636336,0.07376665030592312,19280.873045114768,0.07404804481143921,17894.273015588045,0.07873855661552147
AG,539722.9999999873,0.0012565367660967112,125853.22221122523,0.0196296202047928,220121.87088586835,0.012661053924297104,52700.86385712387,0.03258479373087888,75206.11817990888,0.02594701419588348,65840.92486586107,0.02855182463917476
TG,220680.99999999764,0.002179672629972119,52307.314445836935,0.04332143015975043,96102.7569837059,0.026922926992858764,21690.92600088165,0.07264234265071945,28982.760020988768,0.05992687988510961,21597.242548584363,0.071772200212889
TI,296843.9999999962,0.0012869460868602275,82922.91650276494,0.022371909763476132,75945.15656134693,0.023506025483254492,57672.70562696603,0.02849054073492505,32478.3104513998,0.039647934154379234,47824.91085751848,0.032124663563454364
VD,619667.9999999983,0.001030758888957875,181230.00089723288,0.01557230571776311,166114.6872162713,0.016025938867718102,71032.024532732,0.027668841303465544,63769.5154405404,0.028661567782357174,137521.77191322172,0.01852887971247505
VS,276351.0000000025,0.002201740421631515,91027.46247262016,0.030784492906272408,93299.62987650784,0.029297447270663562,30793.59706170495,0.059758957407652136,25408.34165635937,0.06587153041163055,35821.968932810116,0.05484789006256828
NE,146164.9999999985,0.0020813880242421846,46309.05155594581,0.02942179664594975,42837.108054736935,0.030778373449605545,18160.727439003025,0.05342459106406068,15665.975038466835,0.057615233562998386,23192.13791184594,0.046748240676929134
GE,360791.99999999703,0.0019041762413867236,105899.89304082248,0.020713544315221048,70431.64503081907,0.02605072520616148,49127.442546320686,0.033456047607037284,32665.459702170287,0.04101436715433901,102667.55967986457,0.021307053012334255
JU,60021.00000000031,0.0032829855872807926,19981.37557583219,0.04420859494981479,21269.048006773766,0.0418228364137304,7021.092886449939,0.08554244023850288,5481.523510453472,0.09746164753447327,6267.960020490944,0.09162399488302728
