,TotalUnnamed: 0_level_1_2010,Age0–19_2010,Age20–64_2010,Age65 and over_2010,SexMale_2010,SexFemale_2010,CitizenshipSwiss_2010,CitizenshipForeigner_2010,Marital statusSingle_2010,Marital statusMarried_2010,Marital statusWidowed_2010,Marital statusDivorced_2010,Marital statusUnmarried_2010,Marital statusIn a registered partnership_2010,Marital statusPartnership dissolved_2010,Urban core area_2010,Area influenced by urban cores_2010,Area beyond urban core influence_2010
Switzerland,7870134.0,1642435.0,4898005.0,1329694.0,3877426.0,3992708.0,6103857.0,1766277.0,3385597.0,3466582.0,408691.0,599583.0,482,8887.0,312.0,4937104,1699773,1233257
VD,713281.0,162732.0,438711.0,111838.0,347880.0,365401.0,492352.0,220929.0,313265.0,306944.0,34936.0,57105.0,33,971.0,27.0,448776,192059,72446
VS,312684.0,66028.0,193310.0,53346.0,154458.0,158226.0,247010.0,65674.0,131427.0,142394.0,17566.0,21098.0,31,163.0,5.0,159549,73150,79985
GE,457715.0,99770.0,285551.0,72394.0,220785.0,236930.0,278724.0,178991.0,205852.0,189745.0,20338.0,40868.0,60,827.0,25.0,417446,40269,
BE,979802.0,193918.0,602006.0,183878.0,477906.0,501896.0,848100.0,131702.0,412573.0,435295.0,57680.0,73298.0,53,875.0,28.0,507530,217538,254734
FR,278493.0,66851.0,172714.0,38928.0,138602.0,139891.0,227664.0,50829.0,123256.0,122945.0,13116.0,18933.0,18,217.0,8.0,90274,116530,71689
SO,255284.0,51688.0,158331.0,45265.0,126366.0,128918.0,204849.0,50435.0,104203.0,116317.0,14700.0,19725.0,10,325.0,4.0,153590,66365,35329
NE,172085.0,38386.0,103182.0,30517.0,83589.0,88496.0,132499.0,39586.0,71841.0,74266.0,10258.0,15583.0,8,124.0,5.0,101467,52614,18004
JU,70032.0,16246.0,41088.0,12698.0,34502.0,35530.0,61267.0,8765.0,29409.0,31415.0,4410.0,4749.0,3,44.0,2.0,23570,13224,33238
BS,184950.0,30708.0,115768.0,38474.0,88414.0,96536.0,124865.0,60085.0,82242.0,72727.0,11923.0,17645.0,21,375.0,17.0,184950,,
BL,274404.0,54308.0,166600.0,53496.0,134274.0,140130.0,221413.0,52991.0,108268.0,129765.0,15301.0,20762.0,10,288.0,10.0,186712,80694,6998
AG,611466.0,129784.0,386745.0,94937.0,305195.0,306271.0,477468.0,133998.0,256089.0,282731.0,28981.0,43215.0,28,408.0,14.0,334001,185447,92018
ZH,1373068.0,270632.0,878418.0,224018.0,678784.0,694284.0,1042311.0,330757.0,606413.0,585281.0,63819.0,114456.0,84,2909.0,106.0,1057125,306466,9477
GL,38608.0,7973.0,23764.0,6871.0,19383.0,19225.0,30731.0,7877.0,16044.0,17413.0,2471.0,2660.0,2,14.0,4.0,28788,,9820
SH,76356.0,14962.0,46577.0,14817.0,37476.0,38880.0,58705.0,17651.0,30488.0,35093.0,4692.0,6007.0,3,72.0,1.0,45128,23452,7776
AR,53017.0,11509.0,32164.0,9344.0,26653.0,26364.0,45504.0,7513.0,22423.0,23597.0,2986.0,3973.0,1,35.0,2.0,15236,25285,12496
AI,15688.0,3779.0,9252.0,2657.0,8047.0,7641.0,14120.0,1568.0,7364.0,6743.0,855.0,723.0,,2.0,1.0,,,15688
SG,478907.0,105830.0,296023.0,77054.0,237858.0,241049.0,374368.0,104539.0,207230.0,212223.0,24531.0,34616.0,20,282.0,5.0,333304,61912,83691
GR,192621.0,37591.0,120497.0,34533.0,95748.0,96873.0,160517.0,32104.0,82453.0,85959.0,10928.0,13151.0,24,98.0,8.0,62603,22030,107988
TG,248444.0,55002.0,155224.0,38218.0,124349.0,124095.0,194911.0,53533.0,105446.0,111553.0,12199.0,19045.0,7,184.0,10.0,115222,51845,81377
LU,377610.0,82589.0,234624.0,60397.0,186664.0,190946.0,314720.0,62890.0,171607.0,164540.0,18654.0,22523.0,18,260.0,8.0,200434,41401,135775
UR,35422.0,7686.0,21322.0,6414.0,17988.0,17434.0,31971.0,3451.0,15226.0,16654.0,2071.0,1450.0,5,16.0,0.0,21291,10016,4115
SZ,146730.0,31638.0,93065.0,22027.0,74861.0,71869.0,119389.0,27341.0,64115.0,65940.0,6679.0,9891.0,7,96.0,2.0,89063,30768,26899
OW,35585.0,7908.0,22185.0,5492.0,17974.0,17611.0,30821.0,4764.0,15968.0,15885.0,1766.0,1955.0,,10.0,1.0,9971,,25614
NW,41024.0,8309.0,26062.0,6653.0,20862.0,20162.0,36353.0,4671.0,17965.0,18353.0,1918.0,2772.0,3,13.0,0.0,15467,5468,20089
ZG,113105.0,23555.0,72346.0,17204.0,56917.0,56188.0,86327.0,26778.0,49100.0,51457.0,4610.0,7837.0,6,91.0,4.0,103198,9907,
TI,333753.0,63053.0,202476.0,68224.0,161891.0,171862.0,246898.0,86855.0,135330.0,151347.0,21303.0,25543.0,27,188.0,15.0,232409,73333,28011
