,TotalUnnamed: 0_level_1_2015,Age0–19_2015,Age20–64_2015,Age65 and over_2015,SexMale_2015,SexFemale_2015,CitizenshipSwiss_2015,CitizenshipForeigner_2015,Marital status Single_2015,Marital status Married_2015,Marital status Widowed_2015,Marital status Divorced_2015,Marital status Unmarried_2015,Marital status In a registered partnership_2015,Marital status Partnership dissolved_2015,Urban core area_2015,Area influenced by urban cores_2015,Area beyond urban core influence_2015
Switzerland,8327126.0,1675503.0,5156571.0,1495052.0,4121471.0,4205655.0,6278459.0,2048667.0,3650651.0,3568702.0,407151.0,684114.0,563.0,14306.0,1446.0,5224160,1812583,1290383
VD,773407.0,170633.0,476817.0,125957.0,379074.0,394333.0,513739.0,259668.0,353300.0,318102.0,34604.0,65634.0,51.0,1533.0,159.0,479658,213338,80411
VS,335696.0,67347.0,205413.0,62936.0,166426.0,169270.0,258612.0,77084.0,142216.0,148810.0,18126.0,26148.0,33.0,312.0,35.0,173187,79551,82958
GE,484736.0,102431.0,302313.0,79992.0,234427.0,250309.0,287521.0,197215.0,224586.0,192263.0,20467.0,45916.0,62.0,1294.0,137.0,441772,42964,
BE,1017483.0,194111.0,618383.0,204989.0,498258.0,519225.0,860017.0,157466.0,437186.0,437850.0,56477.0,84190.0,55.0,1522.0,177.0,531765,225656,260062
FR,307461.0,70214.0,191105.0,46142.0,153729.0,153732.0,240182.0,67279.0,138940.0,131243.0,13395.0,23452.0,33.0,349.0,40.0,100331,126895,80235
SO,266418.0,51266.0,164739.0,50413.0,132439.0,133979.0,209355.0,57063.0,110681.0,118113.0,14493.0,22736.0,15.0,346.0,31.0,160616,68851,36951
NE,178107.0,38117.0,107066.0,32924.0,87021.0,91086.0,132556.0,45551.0,77637.0,72597.0,9888.0,17781.0,13.0,169.0,20.0,104592,55172,18343
JU,72782.0,15787.0,42474.0,14521.0,35965.0,36817.0,62361.0,10421.0,31049.0,31348.0,4538.0,5773.0,8.0,60.0,6.0,24922,13762,34098
BS,191817.0,32205.0,120778.0,38834.0,92514.0,99303.0,124365.0,67452.0,89611.0,71876.0,11013.0,18618.0,22.0,605.0,66.0,191817,,
BL,283231.0,54436.0,168679.0,60116.0,138808.0,144423.0,221489.0,61742.0,113105.0,131033.0,15535.0,22967.0,7.0,547.0,31.0,192488,83710,7033
AG,653675.0,133140.0,410237.0,110298.0,327787.0,325888.0,495277.0,158398.0,276123.0,296112.0,29863.0,50636.0,33.0,828.0,75.0,356655,199598,97422
ZH,1466424.0,287660.0,931178.0,247586.0,728517.0,737907.0,1083372.0,383052.0,666873.0,606119.0,63094.0,125457.0,82.0,4277.0,473.0,1129596,326788,10040
GL,40028.0,7762.0,24638.0,7628.0,20309.0,19719.0,30721.0,9307.0,16607.0,17981.0,2337.0,3061.0,3.0,34.0,5.0,30367,,9661
SH,79836.0,15032.0,48401.0,16403.0,39391.0,40445.0,59664.0,20172.0,32404.0,35863.0,4637.0,6810.0,2.0,109.0,10.0,46264,25529,8043
AR,54543.0,11103.0,33196.0,10244.0,27506.0,27037.0,45985.0,8558.0,23055.0,24037.0,2874.0,4493.0,2.0,80.0,2.0,15721,26110,12712
AI,15974.0,3536.0,9514.0,2924.0,8196.0,7778.0,14240.0,1734.0,7338.0,6962.0,851.0,811.0,1.0,9.0,2.0,,,15974
SG,499065.0,103693.0,308228.0,87144.0,249392.0,249673.0,381712.0,117353.0,215628.0,219430.0,24353.0,39106.0,18.0,482.0,34.0,347036,64874,87155
GR,196610.0,36141.0,121035.0,39434.0,98212.0,98398.0,160689.0,35921.0,83298.0,87457.0,10723.0,14935.0,14.0,166.0,13.0,64034,23551,109025
TG,267429.0,55091.0,167645.0,44693.0,134455.0,132974.0,202663.0,64766.0,113225.0,119222.0,12421.0,22211.0,12.0,308.0,27.0,124367,55336,87726
LU,398762.0,82391.0,248701.0,67670.0,198192.0,200570.0,327503.0,71259.0,181455.0,171654.0,18613.0,26480.0,28.0,490.0,34.0,210096,44133,144533
UR,35973.0,7385.0,21576.0,7012.0,18348.0,17625.0,31840.0,4133.0,15323.0,16844.0,2027.0,1742.0,7.0,27.0,3.0,21833,9901,4239
SZ,154093.0,30831.0,97333.0,25929.0,78825.0,75268.0,122921.0,31172.0,66828.0,68527.0,6917.0,11630.0,7.0,174.0,8.0,93739,32480,27874
OW,37076.0,7655.0,22935.0,6486.0,18801.0,18275.0,31716.0,5360.0,16432.0,16538.0,1771.0,2309.0,1.0,24.0,1.0,10229,,26847
NW,42420.0,7903.0,26463.0,8054.0,21705.0,20715.0,36514.0,5906.0,18392.0,18874.0,1946.0,3171.0,4.0,31.0,1.0,15773,5645,21002
ZG,122134.0,24710.0,77432.0,19992.0,61708.0,60426.0,89157.0,32977.0,53320.0,54702.0,4771.0,9124.0,12.0,186.0,18.0,111957,10177,
TI,351946.0,64923.0,210292.0,76731.0,171466.0,180480.0,254288.0,97658.0,146039.0,155145.0,21417.0,28923.0,38.0,344.0,38.0,245345,78562,28039
