,TotalUnnamed: 0_level_1_2014,Age0–19_2014,Age20–64_2014,Age65 and over_2014,SexMale_2014,SexFemale_2014,CitizenshipSwiss_2014,CitizenshipForeigner_2014,Marital statusSingle_2014,Marital statusMarried_2014,Marital statusWidowed_2014,Marital statusDivorced_2014,Marital statusUnmarried_2014,Marital statusIn a registered partnership_2014,Marital statusPartnership dissolved_2014,Urban core area_2014,Area influenced by urban cores_2014,Area beyond urban core influence_2014
Switzerland,8237666.0,1663752.0,5108349.0,1465565.0,4073880.0,4163786.0,6239207.0,1998459.0,3593986.0,3551926.0,407583.0,669047.0,549,13282.0,1132,5168376,1790738,1278552
VD,761446.0,168899.0,468935.0,123612.0,373187.0,388259.0,509124.0,252322.0,344572.0,316709.0,34765.0,63790.0,50,1408.0,126,473240,209112,79094
VS,331763.0,67069.0,203445.0,61249.0,164399.0,167364.0,256485.0,75278.0,140038.0,148109.0,18051.0,25211.0,37,281.0,22,170951,78286,82526
GE,477385.0,100889.0,297676.0,78820.0,230606.0,246779.0,281897.0,195488.0,219302.0,191276.0,20439.0,45003.0,61,1186.0,111,434887,42498,
BE,1009418.0,193024.0,615175.0,201219.0,494008.0,515410.0,857915.0,151503.0,431220.0,437492.0,56698.0,82380.0,56,1408.0,143,527253,223515,258650
FR,303377.0,69985.0,188624.0,44768.0,151587.0,151790.0,238449.0,64928.0,136627.0,130250.0,13394.0,22706.0,29,331.0,32,99070,125468,78839
SO,263719.0,50998.0,163222.0,49499.0,131036.0,132683.0,208749.0,54970.0,108942.0,117721.0,14420.0,22280.0,17,317.0,20,158965,68210,36544
NE,177327.0,38257.0,106437.0,32633.0,86540.0,90787.0,132575.0,44752.0,76527.0,73138.0,9985.0,17490.0,10,166.0,11,104447,54655,18225
JU,72410.0,15861.0,42323.0,14226.0,35742.0,36668.0,62284.0,10126.0,30746.0,31416.0,4556.0,5614.0,5,65.0,6,24699,13696,34015
BS,190580.0,31708.0,120006.0,38866.0,91760.0,98820.0,124274.0,66306.0,88082.0,72227.0,11220.0,18400.0,26,564.0,55,190580,,
BL,281301.0,54274.0,168014.0,59013.0,137719.0,143582.0,221378.0,59923.0,111940.0,130680.0,15530.0,22590.0,8,516.0,30,191248,82977,7076
AG,645277.0,131899.0,406026.0,107352.0,323221.0,322056.0,491344.0,153933.0,271914.0,293481.0,29812.0,49241.0,29,741.0,47,352263,196965,96049
ZH,1446354.0,283522.0,919491.0,243341.0,717702.0,728652.0,1073065.0,373289.0,653715.0,601366.0,63180.0,123533.0,87,4065.0,376,1113403,323184,9767
GL,39794.0,7739.0,24572.0,7483.0,20136.0,19658.0,30798.0,8996.0,16483.0,17954.0,2346.0,2969.0,3,37.0,2,30033,,9761
SH,79417.0,15049.0,48304.0,16064.0,39111.0,40306.0,59542.0,19875.0,32161.0,35823.0,4629.0,6684.0,1,115.0,3,46258,25113,8046
AR,54064.0,11061.0,32947.0,10056.0,27271.0,26793.0,45763.0,8301.0,22884.0,23857.0,2892.0,4364.0,2,63.0,2,15512,25925,12627
AI,15854.0,3560.0,9429.0,2865.0,8121.0,7733.0,14169.0,1685.0,7314.0,6888.0,832.0,811.0,1,6.0,2,,,15854
SG,495824.0,103606.0,306925.0,85293.0,247516.0,248308.0,380500.0,115324.0,213956.0,218680.0,24388.0,38323.0,19,427.0,27,345076,64295,86453
GR,195886.0,36216.0,121197.0,38473.0,97752.0,98134.0,160497.0,35389.0,83175.0,87244.0,10767.0,14518.0,14,157.0,8,63964,23158,108764
TG,263733.0,54703.0,165714.0,43316.0,132602.0,131131.0,200849.0,62884.0,111665.0,117791.0,12339.0,21627.0,10,275.0,25,122659,54520,86554
LU,394604.0,82193.0,246105.0,66306.0,195965.0,198639.0,325336.0,69268.0,179461.0,170366.0,18560.0,25734.0,23,426.0,27,208796,43606,142202
UR,36008.0,7432.0,21672.0,6904.0,18399.0,17609.0,31864.0,4144.0,15352.0,16874.0,2034.0,1709.0,7,26.0,3,21744,9996,4268
SZ,152759.0,30943.0,96701.0,25115.0,78152.0,74607.0,122299.0,30460.0,66306.0,68053.0,6899.0,11326.0,7,159.0,7,92786,32230,27743
OW,36834.0,7697.0,22853.0,6284.0,18693.0,18141.0,31609.0,5225.0,16330.0,16465.0,1777.0,2236.0,,24.0,1,10232,,26602
NW,42080.0,7859.0,26407.0,7814.0,21481.0,20599.0,36363.0,5717.0,18201.0,18825.0,1935.0,3097.0,4,18.0,,15669,5611,20800
ZG,120089.0,24419.0,76225.0,19445.0,60633.0,59456.0,88446.0,31643.0,52446.0,53871.0,4724.0,8845.0,9,185.0,9,110085,10004,
TI,350363.0,64890.0,209924.0,75549.0,170541.0,179822.0,253633.0,96730.0,144627.0,155370.0,21411.0,28566.0,34,316.0,37,244556,77714,28093
