,TotalUnnamed: 0_level_1_2011,Age0–19_2011,Age20–64_2011,Age65 and over_2011,SexMale_2011,SexFemale_2011,CitizenshipSwiss_2011,CitizenshipForeigner_2011,Marital statusSingle_2011,Marital statusMarried_2011,Marital statusWidowed_2011,Marital statusDivorced_2011,Marital statusUnmarried_2011,Marital statusIn a registered partnership_2011,Marital statusPartnership dissolved_2011,Urban core area_2011,Area influenced by urban cores_2011,Area beyond urban core influence_2011
Switzerland,7954662.0,1642543.0,4946967.0,1365152.0,3922253.0,4032409.0,6138668.0,1815994.0,3432503.0,3485079.0,408797.0,617370.0,484,9944.0,485,4990093,1721840,1242729
VD,725944.0,164144.0,446880.0,114920.0,354368.0,371576.0,496720.0,229224.0,321344.0,309657.0,34971.0,58802.0,39,1091.0,40,455576,196757,73611
VS,317022.0,66149.0,195608.0,55265.0,156733.0,160289.0,249788.0,67234.0,133155.0,143792.0,17662.0,22173.0,31,200.0,9,161958,74468,80596
GE,460534.0,99574.0,286857.0,74103.0,222179.0,238355.0,279309.0,181225.0,208260.0,189522.0,20212.0,41520.0,58,923.0,39,419939,40595,
BE,985046.0,192630.0,603836.0,188580.0,480824.0,504222.0,850232.0,134814.0,415930.0,434707.0,57640.0,75622.0,51,1044.0,52,511320,218769,254957
FR,284668.0,67587.0,176660.0,40421.0,141710.0,142958.0,230339.0,54329.0,126575.0,124733.0,13227.0,19855.0,21,245.0,12,92541,118672,73455
SO,256990.0,51247.0,159460.0,46283.0,127111.0,129879.0,206325.0,50665.0,105158.0,116472.0,14600.0,20522.0,12,218.0,8,154985,66672,35333
NE,173183.0,38292.0,103634.0,31257.0,84160.0,89023.0,132685.0,40498.0,72831.0,73892.0,10201.0,16084.0,9,158.0,8,102355,52786,18042
JU,70542.0,16059.0,41416.0,13067.0,34717.0,35825.0,61600.0,8942.0,29628.0,31387.0,4484.0,4989.0,4,46.0,4,23687,13378,33477
BS,186255.0,30823.0,116822.0,38610.0,89255.0,97000.0,124589.0,61666.0,83638.0,72465.0,11803.0,17883.0,23,413.0,30,186255,,
BL,275360.0,54064.0,166320.0,54976.0,134661.0,140699.0,221306.0,54054.0,108602.0,129811.0,15409.0,21165.0,10,344.0,19,187300,81111,6949
AG,618298.0,129517.0,390643.0,98138.0,308895.0,309403.0,480532.0,137766.0,259141.0,284665.0,29160.0,44803.0,25,483.0,21,337958,187440,92900
ZH,1392396.0,273429.0,889659.0,229308.0,689044.0,703352.0,1050188.0,342208.0,618188.0,589863.0,63675.0,117216.0,80,3216.0,158,1071152,311683,9561
GL,39217.0,7919.0,24277.0,7021.0,19813.0,19404.0,30842.0,8375.0,16273.0,17755.0,2429.0,2736.0,1,21.0,2,29279,,9938
SH,77139.0,14919.0,47077.0,15143.0,37885.0,39254.0,58950.0,18189.0,30912.0,35289.0,4672.0,6175.0,2,87.0,2,45404,23921,7814
AR,53313.0,11345.0,32417.0,9551.0,26792.0,26521.0,45608.0,7705.0,22566.0,23672.0,2967.0,4070.0,1,34.0,3,15174,25632,12507
AI,15743.0,3749.0,9314.0,2680.0,8067.0,7676.0,14153.0,1590.0,7364.0,6768.0,860.0,745.0,,4.0,2,,,15743
SG,483156.0,104928.0,299059.0,79169.0,240277.0,242879.0,376226.0,106930.0,208816.0,214056.0,24507.0,35437.0,15,314.0,11,336076,62558,84522
GR,193388.0,37129.0,120747.0,35512.0,96142.0,97246.0,160504.0,32884.0,82555.0,86394.0,10897.0,13399.0,21,112.0,10,62944,22255,108189
TG,251973.0,54660.0,157833.0,39480.0,126369.0,125604.0,196272.0,55701.0,107019.0,112722.0,12257.0,19745.0,8,208.0,14,117236,52374,82363
LU,381966.0,82223.0,237874.0,61869.0,189074.0,192892.0,317823.0,64143.0,173540.0,166035.0,18699.0,23356.0,21,305.0,10,202631,41910,137425
UR,35382.0,7579.0,21266.0,6537.0,17966.0,17416.0,31907.0,3475.0,15151.0,16643.0,2048.0,1517.0,6,15.0,2,21365,9905,4112
SZ,147904.0,31287.0,93858.0,22759.0,75556.0,72348.0,120013.0,27891.0,64420.0,66383.0,6726.0,10255.0,7,109.0,4,89679,31074,27151
OW,35885.0,7804.0,22383.0,5698.0,18189.0,17696.0,30969.0,4916.0,16042.0,16014.0,1763.0,2052.0,,13.0,1,9969,,25916
NW,41311.0,8176.0,26215.0,6920.0,21036.0,20275.0,36441.0,4870.0,18076.0,18434.0,1926.0,2853.0,4,18.0,,15595,5404,20312
ZG,115104.0,23878.0,73440.0,17786.0,58020.0,57084.0,86748.0,28356.0,50041.0,52206.0,4658.0,8070.0,7,117.0,5,105166,9938,
TI,336943.0,63432.0,203412.0,70099.0,163410.0,173533.0,248599.0,88344.0,137278.0,151742.0,21344.0,26326.0,28,206.0,19,234549,74538,27856
