,TotalTotal_2015,TotalMale_2015,TotalFemale_2015,SwissTotal_2015,SwissMale_2015,SwissFemale_2015,Foreigner 1)Total_2015,Foreigner 1)Male_2015,Foreigner 1)Female_2015
Switzerland,41.9882,40.9169,43.038,43.6527,42.2085,45.0044,36.887,37.3074,36.4126
ZH,41.4156,40.3589,42.4588,43.1133,41.6907,44.4501,36.6137,36.9276,36.2573
BE,43.3534,42.1562,44.5023,44.6062,43.1577,45.9568,36.5113,37.1666,35.7755
LU,41.3012,40.3358,42.2552,42.5206,41.3041,43.6853,35.6973,36.2543,35.0607
UR,42.8416,42.1122,43.601,43.5282,42.6826,44.3797,37.5519,38.272,36.5811
SZ,41.9965,41.5512,42.4629,43.1978,42.4989,43.9074,37.2596,38.0765,36.2933
OW,41.944,41.3905,42.5134,42.6536,41.9836,43.3207,37.745,38.2379,37.1293
NW,43.2639,42.6988,43.8561,44.0823,43.2726,44.9092,38.2042,39.4471,36.677
GL,42.8845,41.8277,43.9729,44.8607,43.5202,46.1554,36.3611,36.9301,35.6356
ZG,41.6144,40.9376,42.3057,43.58,42.5611,44.5713,36.3002,36.915,35.5841
FR,39.8112,39.0612,40.5611,41.587,40.5389,42.5955,33.4714,34.2208,32.6113
SO,43.0353,42.046,44.0132,44.8655,43.6083,46.0622,36.3206,36.7875,35.7907
BS,43.7202,42.055,45.2715,47.1501,44.6149,49.3327,37.3963,37.8439,36.9142
BL,44.0238,42.9117,45.0926,45.8884,44.4697,47.1986,37.3348,37.8088,36.8092
SH,43.7233,42.4211,44.9915,45.8833,44.2074,47.4351,37.3346,37.6353,36.9946
AR,42.7353,41.6307,43.8591,43.5343,42.165,44.8842,38.4425,39.0228,37.7431
AI,41.4406,40.8322,42.0817,41.8063,41.1193,42.5145,38.4376,38.6888,38.1202
SG,41.4312,40.4246,42.4365,43.0172,41.6656,44.303,36.2723,36.7759,35.6827
GR,43.6929,42.6926,44.6913,44.913,43.6486,46.1231,38.2346,38.8662,37.4733
AG,41.6722,40.8435,42.5057,43.4072,42.2826,44.4864,36.2473,36.7491,35.6626
TG,41.559,40.7007,42.4269,42.9313,41.6794,44.1388,37.2648,37.9146,36.5029
TI,44.5745,43.2327,45.8493,45.2088,43.2831,46.9184,42.9231,43.1165,42.704
VD,40.4375,39.2228,41.6052,42.7206,40.9288,44.3304,35.9205,36.1719,35.6441
VS,42.2471,41.2614,43.2163,44.0362,42.6893,45.3038,36.2449,36.8987,35.5005
NE,41.7248,40.2753,43.1096,43.4078,41.4107,45.1945,36.8272,37.366,36.2041
GE,40.8165,39.5236,42.0274,42.7395,40.5919,44.6093,38.0129,38.1026,37.9196
JU,42.5661,41.2505,43.8513,43.2995,41.659,44.8572,38.1776,39.0315,37.1887
