,TotalTotal_2010,TotalMale_2010,TotalFemale_2010,SwissTotal_2010,SwissMale_2010,SwissFemale_2010,Foreigner 1)Total_2010,Foreigner 1)Male_2010,Foreigner 1)Female_2010
Switzerland,41.35751083907849,40.17807730695569,42.502890426748,42.8672816139041,41.3203434999849,44.304245407516696,36.14008179917419,36.598433269828,35.62103665588949
ZH,41.128108629725496,39.955125548038794,42.274904678777,42.736576904589896,41.1837016838787,44.1786630004774,36.059359741441604,36.4697117129339,35.587509652258696
BE,42.7284783048004,41.398621486233694,43.994769633549595,43.7979769720552,42.2279008198449,45.254401441903404,35.841401269532696,36.54837130983089,35.044715609960896
LU,40.4531493604513,39.411953188617,41.4709965121029,41.65698201575999,40.3586301870061,42.8910261781403,34.428817777071096,35.0520081081081,33.7274917201757
UR,41.753085370673595,40.84075550366911,42.6944063324538,42.311169497357,41.2679262356465,43.3594500533016,36.5828426543031,37.355529531568195,35.56229320780089
SZ,40.6444210454576,40.0983112702208,41.2132660813424,41.8024251815494,40.9948626204463,42.6207325463744,35.5878043963279,36.4513525588952,34.5728999920439
OW,40.524597161725396,39.9531551129409,41.10781784112199,41.225906686999096,40.5422657114946,41.904641148325396,35.9874307304786,36.4992439862543,35.3625174825175
NW,41.8066831610764,41.212220784200895,42.421784545183996,42.3506117789453,41.5480148544591,43.1651751468795,37.5734489402697,38.801901215209696,36.09525
GL,42.012490416493996,40.742563070732096,43.2928546163849,43.758879958348196,42.197043085706696,45.26040847587439,35.1991989336042,35.6710740740741,34.626103457970196
ZG,40.8944227045666,40.201075601314194,41.5967655015306,42.3933770431035,41.33577998111429,43.412318784543,36.0620890283068,36.899153671773,35.065022502250194
FR,39.12832814469299,38.3068910982526,39.9421962099063,40.545206444585,39.47631417095519,41.57186805711039,32.7821049007456,33.4873850872007,31.978919419314096
SO,42.264497931715304,41.125466106389396,43.3809820195783,44.05190520822649,42.6411792036286,45.3882709582973,35.00468642807569,35.471358089391295,34.479132414316396
BS,44.0296505542038,42.1343089329744,45.76552871467639,47.5201633764466,44.7710968296276,49.8311996403143,36.7758786718815,37.3432957369528,36.1553360744277
BL,43.1532538884273,42.019868328939296,44.2392755298651,44.761700035679894,43.3279907851434,46.0868434683608,36.43266196146519,37.0378162154419,35.758535524793594
SH,43.0712811043009,41.5873068096915,44.501667438271596,45.0781999829657,43.2285192444761,46.7718544623919,36.396522010084404,36.696437977909895,36.0535944140862
AR,42.0018107399513,40.6734896634525,43.344692762858394,42.7294596079466,41.1378231382979,44.2944578103208,37.5946585917743,38.11415343269,36.9729356725146
AI,40.273092172361,39.4212489126383,41.170197618112795,40.594950424929195,39.6543841336117,41.5694232155732,37.374725765306096,37.478004640371196,37.2486260623229
SG,40.4854566753044,39.38287663227639,41.5734407941954,42.03150720681249,40.5770825118134,43.401288992396,34.948845024345,35.53032993390661,34.270608641591494
GR,42.444718696299994,41.3307881104566,43.545713046979,43.420474653775,42.043095487932796,44.7272048415098,37.5660300897084,38.168421770253396,36.8348689835885
AG,40.83738906169759,39.9716803027573,41.7000563879701,42.4535734960249,41.29427977032179,43.5619167711329,35.0785243809609,35.67435990254089,34.3901888279478
TG,40.6223881438071,39.691740826223,41.5549403279745,41.7952218704947,40.47953357505129,43.057281746630096,36.3521586684849,37.0923325611148,35.4823972046156
TI,43.750293540432594,42.2752154844927,45.1397912860318,44.3124338390752,42.29100994942879,46.083020856285394,42.1523277876921,42.2361485152763,42.0552592739832
VD,40.087113662077094,38.7362094687823,41.373241917783496,42.220366038931495,40.3074685645784,43.923618035078,35.33304754016,35.5943415879147,35.0443103103294
VS,41.337363600312095,40.2637248313457,42.3854346946772,42.951795959677696,41.5312265025429,44.288468290076494,35.265235557450396,35.8910613350235,34.563655007589695
NE,41.2648744515792,39.7162295278087,42.7276488202857,42.6670623929237,40.5558403401797,44.5418591031505,36.571586419441196,37.25609760684559,35.7767582027625
GE,40.3131734813148,38.9256182711688,41.6061772253408,42.1319791621819,39.940091041627895,44.019170071842495,37.480937253828394,37.50109448673129,37.4596988228275
JU,41.5447589673292,40.206554112805094,42.844245144947905,42.093827998759494,40.4623189281757,43.6369891380296,37.7067883628066,38.5931391654311,36.6720548961424
