,TotalTotal_2013,TotalMale_2013,TotalFemale_2013,SwissTotal_2013,SwissMale_2013,SwissFemale_2013,Foreigner 1)Total_2013,Foreigner 1)Male_2013,Foreigner 1)Female_2013
Switzerland,41.75983606026255,40.64801929366273,42.84587971995933,43.363741816044,41.87543182466015,44.75234526878351,36.62538922583244,37.07534928087865,36.11627269900577
ZH,41.341466489419055,40.24970940917926,42.41505670656576,42.999288255927254,41.531139133672205,44.371644477824006,36.46050043937703,36.83049954418078,36.03804149113006
BE,43.139666928422756,41.89974294816008,44.3256756927128,44.29002675824329,42.79955676353231,45.676122338862356,36.37587582646688,37.09167587849053,35.56797823366992
LU,40.98747221751405,39.990105684203826,41.96668566415427,42.16014676559529,40.90823613331884,43.35365276753517,35.36049826338079,35.938329834906874,34.707134348433364
UR,42.42593275813121,41.566482840995064,43.32384722401112,43.07764004768279,42.09574537905085,44.067511567014094,37.20195328555127,37.90984291471112,36.21448774023913
SZ,41.450160499152396,40.99258222613003,41.92949756589708,42.61288543503146,41.90896957997418,43.32789998158703,36.6830900974174,37.507127789006354,35.70325027905097
OW,41.39001537784709,40.812600012589854,41.983759673651136,42.043306956933975,41.31073400297337,42.77560012491549,37.360464687598885,38.02276542450714,36.54915351840235
NW,42.812227586115235,42.288930955422956,43.359079335368506,43.50246089303381,42.74348632061361,44.275149339226466,38.22453231322145,39.53974658011183,36.5881923998473
GL,42.570846393531234,41.44022868267355,43.73208548310298,44.44873248198397,42.99184844193116,45.85476363645774,35.99781819463323,36.68699853501071,35.11657412821419
ZG,41.33218627721728,40.64126484682064,42.03576371932322,43.14864822600162,42.09279979044709,44.17311671682589,36.123901067353295,36.8399321097697,35.28613202959084
FR,39.48426287680208,38.70070373690953,40.266496242016686,41.15780842808307,40.09527424390488,42.17920296287095,33.10119561305579,33.83333132624213,32.25677868965874
SO,42.77855011289538,41.72816581465112,43.81348418153733,44.5096996316096,43.17200199243713,45.78458449338597,35.99923448072251,36.51110442558098,35.4246448898582
BS,43.853250086738356,42.06258091073329,45.514702856735774,47.35063929290761,44.667522459286445,49.64315027627652,37.14082099495819,37.638630994113086,36.60001350986963
BL,43.76515449092545,42.64774172271565,44.834723885006674,45.523732282340234,44.09268665071572,46.84288161643583,37.02350239431718,37.58797635481224,36.39931712178764
SH,43.417390142554325,42.04706400965412,44.750484747078076,45.55664828377214,43.75499012968697,47.22353857411999,36.88391766371523,37.32996622757132,36.37805960101595
AR,42.50412872873494,41.332443833465625,43.69389029412292,43.26026459532032,41.82874523278614,44.670430076783774,38.21456601057889,38.77750678891993,37.53520796759975
AI,41.004702063213365,40.231531344200185,41.81665187494216,41.34468130078373,40.44067574010485,42.2749200353248,38.10151781203891,38.601388462954226,37.47650947436388
SG,41.085264097475324,40.05739683450793,42.10812235828249,42.65245090934344,41.275964888687646,43.95702223498801,35.810415941898704,36.36030272802558,35.165392556352316
GR,43.19911233074692,42.14317079759023,44.24955450605063,44.32014443855529,42.989072598948155,45.58959093100254,37.988695129297,38.63898254092393,37.201253010279565
AG,41.376028212495754,40.53016535286761,42.22325861125307,43.06615081723601,41.92413699567277,44.16132257139972,35.82079363878929,36.34667406841589,35.21296515725648
TG,41.20951083255666,40.31368093865384,42.1145290801885,42.512965031821636,41.2136561118838,43.76516731867119,36.93705858128626,37.638491275001755,36.109746394949205
TI,44.1776527905571,42.800902979862975,45.47982636623011,44.8065355257797,42.852364920454974,46.53154264224558,42.497097866229275,42.679729187779394,42.28940039269316
VD,40.27600222010107,38.99251800254602,41.50634660098643,42.53393579916815,40.676336635916975,44.19441502352741,35.65239008603595,35.89362666583273,35.38559488783238
VS,41.88665189719418,40.890416398366206,42.8646011438966,43.5925881929733,42.24814964873035,44.85678946467695,35.92314534303276,36.5744603166056,35.17996031520068
NE,41.50823939291466,40.012308947244854,42.931779700851735,43.118612906647904,41.05790846267944,44.95440409500784,36.65858860661701,37.250601853560354,35.97145530673028
GE,40.71015901373912,39.36621730346641,41.967978184007,42.67588203050295,40.463103802154386,44.59391171091075,37.81400122602669,37.89956395685266,37.72436399153234
JU,42.21375544118412,40.89964517792037,43.49080679811778,42.862221015382424,41.22556388935873,44.408651710781086,38.092445216980536,39.02732238580753,37.006072767636795
