,TotalTotal_2012,TotalMale_2012,TotalFemale_2012,SwissTotal_2012,SwissMale_2012,SwissFemale_2012,Foreigner 1)Total_2012,Foreigner 1)Male_2012,Foreigner 1)Female_2012
Switzerland,41.64571242578324,40.50794474929133,42.754966423453276,43.200946535434355,41.69017126060018,44.60846292506168,36.5149424779039,36.96597450334132,36.0041031827533
ZH,41.27485417614645,40.15453800492368,42.37488797471333,42.915897012242475,41.41602935656618,44.31461439162766,36.332267955090884,36.72262700484963,35.88453686183986
BE,43.03825092331122,41.76031213207179,44.257568345948286,44.13015736733893,42.60686250172062,45.54476124769773,36.333553412729316,37.03586288119087,35.542294915851826
LU,40.82377926900458,39.802342662653956,41.82622893455713,41.97688244587254,40.69905538024733,43.19422673467666,35.175275504636026,35.77179910229192,34.497988076552666
UR,42.2400272516755,41.36168902504676,43.1544794592591,42.83214798854858,41.83895957933086,43.83232672654377,37.20376837171675,37.854921197259195,36.30150387838231
SZ,41.21431789408832,40.72298635546057,41.728287666877755,42.37633275382745,41.62871891226325,43.1353407534204,36.36733549991754,37.214331604494085,35.3631688124597
OW,41.13272912318592,40.57275457949025,41.708012278242144,41.81309388985841,41.10785217661549,42.516480418303885,36.883043017392204,37.55457890920272,36.05236396989213
NW,42.50876013060474,41.9232174052616,43.12050356795306,43.14895094618995,42.32550796459348,43.98958423154925,38.015573608106784,39.33688295965579,36.39091980525613
GL,42.35428384667603,41.19747805729955,43.537179424983464,44.19751359988583,42.734441505116024,45.60695060033046,35.73400623411548,36.35318984359363,34.94872416431694
ZG,41.188156907218755,40.49513898673884,41.89385717922504,42.91864509244296,41.84756072333284,43.9578999647301,36.06983639468068,36.84887808275698,35.15439625420227
FR,39.360673974947254,38.59053468825364,40.126895842545494,40.962950307894644,39.91634063861545,41.96821528186827,32.953080483925795,33.725412178289154,32.06834450807319
SO,42.590508422309576,41.522476354549795,43.63805240766768,44.320495406316695,42.97030461342956,45.60208876798768,35.66779063829282,36.17839878017068,35.09675747276138
BS,43.928945447101434,42.10803339824568,45.60921255596224,47.41764026905961,44.73543868996936,49.69387732672063,37.02689803975632,37.52938151287543,36.47998950449785
BL,43.59061046454043,42.44788031562256,44.68441834079993,45.27470791327525,43.820463523656066,46.61606430756102,36.9006428184996,37.47249500512899,36.26651163297086
SH,43.292942578032736,41.8895683784588,44.652614186606584,45.36577657904117,43.547787228818855,47.042158849450665,36.75051881893181,37.16178850191857,36.28472492328337
AR,42.37151898761743,41.18615494066454,43.570536629329396,43.11369747459958,41.65964042739542,44.54384701576471,38.05237358647394,38.67290286884361,37.31315246150312
AI,40.74471942736607,39.92942837195975,41.60139203555877,41.05182316323741,40.11588501060295,42.01912978387576,37.99691846913046,38.38600562005699,37.52258188625939
SG,40.89315954456445,39.831209850217235,41.9471937405183,42.43926129653456,41.037264233866495,43.764426013039575,35.56660047100218,36.09383085593316,34.94713956576525
GR,42.97482037372414,41.887120032991845,44.05398377192019,44.03931523312548,42.68160498971077,45.33111400469266,37.882833183163875,38.50651694150207,37.12636142295136
AG,41.221985225943804,40.37199429940788,42.07218212416256,42.8844589217974,41.74138819941357,43.979918652897425,35.60402829355836,36.148644597072504,34.974391515928254
TG,41.04039907229072,40.1232973404986,41.96621140397803,42.28759140755661,40.97413303578129,43.55246444134384,36.80359666257233,37.50908750465498,35.967374112916666
TI,44.045944830092424,42.63089419606352,45.3812504912822,44.63868845848688,42.64525458295508,46.39671208158887,42.421370912301505,42.59620892531288,42.22281232986351
VD,40.24466467907163,38.92911866406634,41.502769697563174,42.433580290512744,40.54273464382069,44.12159539840418,35.63007699655188,35.87327316154762,35.36122271940036
VS,41.73770288424636,40.70939868168926,42.745916121793236,43.370958142333556,41.99898718988678,44.662372808335604,35.820877957633186,36.45126624465321,35.1043297021178
NE,41.43485162859807,39.92167358082618,42.87272918672889,42.92320659406147,40.87782913996223,44.74520388576142,36.723065487634905,37.27237446008867,36.08267349540381
GE,40.62812757940491,39.26254539139732,41.90455704247723,42.49794769624252,40.285137264146066,44.41300537268141,37.783788782418156,37.85392524967977,37.710107048194324
JU,42.04071046275975,40.739066892252836,43.306596384228065,42.60958381214693,41.00083864342643,44.13169058426634,38.23246741819718,39.15858702555921,37.149452253823114
