,TotalTotal_2014,TotalMale_2014,TotalFemale_2014,SwissTotal_2014,SwissMale_2014,SwissFemale_2014,Foreigner 1)Total_2014,Foreigner 1)Male_2014,Foreigner 1)Female_2014
Switzerland,41.88528150364241,40.79521223892448,42.95181359155394,43.52517444666612,42.05576562163611,44.89821429246334,36.76552096349192,37.21129416222802,36.261972633541966
ZH,41.37907888213376,40.3135232109966,42.42862164916846,43.073447367168136,41.63421389018273,44.4218177372902,36.50840892295169,36.86288657472631,36.10515966396747
BE,43.26719503124213,42.049606293747786,44.43422434195219,44.469601142903365,42.99637556660015,45.84206666883869,36.45833818164014,37.16739471012278,35.65998295615422
LU,41.16324030957411,40.164964201534474,42.14807801773693,42.35430004181107,41.10889258344798,43.5453079825704,35.5691043586702,36.09990438009301,34.96296582652251
UR,42.64157404724711,41.83374053617928,43.48564973412046,43.33740607714994,42.41603365938763,44.26469625743442,37.29118992542883,37.98159194833057,36.325905615630894
SZ,41.74714831365956,41.28780426143796,42.22831839648159,42.92831531538019,42.21738210197221,43.650698748029804,37.00468136870005,37.81818339823925,36.04138203442463
OW,41.697190343431984,41.151879436169835,42.25909414087649,42.35954785543027,41.68479149226507,43.03272638977402,37.690212621564726,38.257985484495485,36.97816960493841
NW,43.11711850795863,42.62528417495582,43.630012012848105,43.853731455468406,43.08988546237941,44.62938949999647,38.43188908513079,39.931625887966284,36.57847950477886
GL,42.74375592135059,41.66415268847184,43.84961057071678,44.633293513969804,43.264664687281716,45.94773474484606,36.274883224875474,36.88037197570581,35.50069193455323
ZG,41.47279783195229,40.771437245683636,42.1880426588345,43.349414310919364,42.28710322932244,44.38136958816052,36.22742852124183,36.89742663639778,35.444524336653124
FR,39.619952053365616,38.85832819359776,40.380557337182594,41.3540936791359,40.29458318200828,42.3734734485333,33.2512923607298,34.01378509384377,32.377942899302354
SO,42.94928362529015,41.90861473902209,43.97703464223393,44.72411337950387,43.403825016221305,45.981970191680524,36.209353911583946,36.691489071749935,35.6634851248784
BS,43.80296830562344,42.07771210419142,45.404966980418884,47.30178777674518,44.6926106705517,49.540599362840695,37.24530699361098,37.71143253702729,36.74365572459746
BL,43.88619823706464,42.78465516981117,44.94276110482715,45.70954020147232,44.296910921687065,47.01323574883906,37.15009027523362,37.67876767300947,36.565393957296195
SH,43.55141840864566,42.267577352807294,44.79719589921526,45.715715408967576,44.033321205807965,47.26961867760543,37.06756572974382,37.469929470899686,36.614911898412515
AR,42.67240725870959,41.502337718320184,43.8633514021786,43.436559459316825,41.98970677864269,44.8655024364647,38.45967419565912,39.05699679540098,37.74142903194703
AI,41.234159215048194,40.592648186227464,41.90785778805403,41.57977871292466,40.845659458728555,42.33523925433235,38.327878701452235,38.64811449190258,37.92865141602414
SG,41.26744345260806,40.26031184702949,42.27136272418479,42.84212850499912,41.47870852289956,44.135868737760205,36.071927667215576,36.634556701764836,35.411910132572764
GR,43.44799268123252,42.42392395256762,44.468075082484205,44.621812819291094,43.32707096000492,45.85892821483175,38.12445681703564,38.759847666108875,37.3596454892706
AG,41.53025369486715,40.689814440114795,42.373733140554904,43.25912008344071,42.118430380409265,44.35313666959491,36.01182602291099,36.533540771822864,35.406442734624754
TG,41.3882418948832,40.49937625512962,42.28707864258255,42.73253746998864,41.441906208514744,43.97770467499385,37.09461518595184,37.76360386938952,36.30824220159399
TI,44.39356297988478,43.04005698320125,45.67721162232399,45.02137452019819,43.075740686109384,46.74299651602884,42.74739607815767,42.95750839263147,42.508444909587695
VD,40.375232055768436,39.12176392370547,41.58004124706029,42.62365016659728,40.79637058224952,44.26183886373733,35.838474966586055,36.08036533693984,35.57092714027035
VS,42.08936396462314,41.105084537140876,43.05620601906032,43.84018724409335,42.49631822800343,45.10377444356968,36.12401009184589,36.793352823585465,35.360811324143434
NE,41.60874464037029,40.128478602569146,43.019764091517025,43.24746710013958,41.192821689934846,45.08011944024963,36.75413188331048,37.361044887345905,36.04982683402032
GE,40.786139042003285,39.47402179113747,42.01226489044929,42.78833647774886,40.59060661097773,44.695380057298706,37.89893649993535,38.006365912413465,37.787259182174445
JU,42.405926031296836,41.08336529348647,43.6950873133636,43.099166214928424,41.4387434147785,44.673581503127785,38.14187590318116,39.098668836439685,37.036411441340626
