,TotalTotal_2011,TotalMale_2011,TotalFemale_2011,SwissTotal_2011,SwissMale_2011,SwissFemale_2011,Foreigner 1)Total_2011,Foreigner 1)Male_2011,Foreigner 1)Female_2011
Switzerland,41.505076442307264,40.345078827565125,42.63338563028378,43.03871348154448,41.50814500322432,44.462285194161296,36.320869547121056,36.77637798955886,35.805378139312715
ZH,41.19141562997593,40.04831907241821,42.31125864514316,42.82735943710888,41.302452556149206,44.24606845705794,36.17093523523051,36.57756736492477,35.70411765028586
BE,42.906642285514685,41.591045895313066,44.16118952606185,43.98347672454741,42.42974363376686,45.425800988866,36.115366166075546,36.79092153250251,35.35210322592717
LU,40.6478829420881,39.621193229518845,41.6542509133583,41.82221498218071,40.54149834775168,43.040538757529724,34.82916956762009,35.44317517386561,34.130938423077794
UR,42.022563492210516,41.1350831269255,42.93807062603672,42.5820945456862,41.572278729062,43.59743229669437,36.885021816456515,37.583118653904556,35.97230423814638
SZ,40.96498975658919,40.45302084944173,41.4996599996962,42.103876085287496,41.344593511792226,42.87377256017036,36.06444244863592,36.8931520212378,35.081462203912444
OW,40.85545803077192,40.26879429866773,41.458465864363276,41.55577401893815,40.816526622439746,42.29449644956361,36.44372372696385,37.140252365211644,35.58806071261601
NW,42.155981664745404,41.56397511053337,42.77020853894502,42.73984650039347,41.935165793177724,43.55604742778298,37.78706616662308,39.02810428904258,36.260771113134666
GL,42.1626185756328,40.98477306720828,43.3652908627085,43.954518018979826,42.49045914392954,45.36544346993884,35.56372154498112,36.11197758778746,34.87032146055562
ZG,40.999857725043725,40.32065144897247,41.69020087089077,42.657968321584114,41.626766311679305,43.65503386009246,35.927288320728614,36.69825536382288,35.014007176304965
FR,39.235124408790654,38.45058772424324,40.0128122161708,40.7376913792078,39.67902470833546,41.75332120883452,32.86468185695169,33.66167921867953,31.956884948617894
SO,42.457120621488755,41.36532005923993,43.52565257252085,44.19131025708985,42.81986326265853,45.491097106952445,35.394914432493096,35.89934967043528,34.83219816806286
BS,43.99997598878036,42.144697766516046,45.70711885195717,47.51870900859543,44.79808049215743,49.81666751684594,36.89078408066566,37.44478229061301,36.28510770510097
BL,43.38371977097633,42.246400549978375,44.47223172641863,45.026609172502816,43.594707586524976,46.34788886860744,36.65745932967052,37.21372867851793,36.03917464013608
SH,43.19380312250005,41.72921573124307,44.60731240353613,45.24683884127365,43.3604641607977,46.98338028167091,36.539976324891676,36.94236812240607,36.08733256107577
AR,42.20134435411657,40.92813259029406,43.48756620006237,42.947473833391186,41.40582515794377,44.46258164824077,37.78480012429678,38.34841013824308,37.114362068491246
AI,40.39987381647566,39.45366727621285,41.39427821463896,40.75261047913781,39.713630483765115,41.824249670575554,37.26007382486826,37.333240931751234,37.16915672872739
SG,40.68802875261255,39.6011625915103,41.763251149738956,42.23142213437506,40.78741095325649,43.594422096201214,35.257703133546904,35.83840330275419,34.57982922866264
GR,42.70673234846336,41.623374570595324,43.777791142447654,43.73249253848864,42.37519943879451,45.0199527096472,37.700084326935816,38.36154257398166,36.89926405325222
AG,41.05380147623411,40.18529562262387,41.92088135474703,42.68328664718038,41.5198396029796,43.79719908941478,35.37010761733921,35.9381733270049,34.713655786080864
TG,40.84181199206181,39.91866250259064,41.77058398845613,42.05771174025116,40.750254032875596,43.31435050615235,36.55738127490139,37.26800238960438,35.717153872186394
TI,43.914373263883554,42.43786504502703,45.30474978041509,44.468436000954185,42.443591170242634,46.24749501794441,42.35524709376365,42.42374249769362,42.27687686095766
VD,40.14368130668158,38.80433413619574,41.42100217270107,42.31345280259727,40.40161699689562,44.018672538981534,35.44186606285937,35.69238672291797,35.16568880051767
VS,41.54233763016955,40.49369473049341,42.567716462123656,43.14963293125909,41.755954323072665,44.46067184448985,35.57090831362621,36.20728701908072,34.85239022429569
NE,41.38377970436215,39.86193208060524,42.82249437377676,42.824259671049816,40.75898570640969,44.6575058014173,36.66428530019452,37.2904552852157,35.93669529944883
GE,40.452759533687015,39.08357089866235,41.729027964144606,42.310069540913354,40.11509269571402,44.20390680572943,37.590221799888326,37.645719984289315,37.531964869566245
JU,41.821129561199356,40.529531887794164,43.07278054312809,42.372223003632406,40.77407896735912,43.88216991370044,38.02473545989396,39.0020186540095,36.8967750207206
