,,Outcome,Won,Right_won,Left_won,Recom_right,Recom_left,percent_won
ZH,554,1,2,-1,1,-1,1,50.4
ZH,555,1,2,-1,1,-1,1,52.5
ZH,556,-1,2,-1,1,1,-1,61.7
ZH,557,-1,1,1,-1,-1,1,66.4
ZH,558,1,3,1,1,1,1,87.8
ZH,559,-1,1,1,-1,-1,1,62.5
ZH,560,-1,2,-1,1,1,-1,71.3
ZH,561,-1,3,1,1,-1,-1,73.9
ZH,562,-1,3,1,1,-1,-1,71.9
ZH,563,1,2,-1,1,-1,1,74.3
ZH,564,-1,3,1,1,-1,-1,52.1
ZH,565,-1,1,1,-1,-1,1,67.1
ZH,566,1,3,1,1,1,1,67.2
ZH,567,1,2,-1,1,-1,1,53.6
ZH,568,1,2,-1,1,-1,1,70.2
ZH,569,1,2,-1,1,-1,1,71.3
ZH,570,-1,3,1,1,-1,-1,74.7
ZH,571,1,1,1,-1,1,-1,79.7
ZH,572,-1,1,1,-1,-1,1,71.4
ZH,573,1,3,1,1,1,1,60.5
ZH,574,1,1,1,-1,1,-1,62.6
ZH,575,-1,1,1,-1,-1,1,67.2
ZH,576,-1,3,1,1,-1,-1,61.0
ZH,577,-1,3,1,1,-1,-1,55.7
ZH,578,1,3,1,1,1,1,63.1
ZH,579,-1,3,1,1,-1,-1,70.1
ZH,580,-1,3,1,1,-1,-1,52.7
ZH,581,1,3,1,1,1,1,86.8
ZH,582,1,1,1,-1,1,-1,57.3
ZH,583,-1,1,1,-1,-1,1,74.7
ZH,584,-1,2,-1,1,1,-1,51.3
ZH,585,-1,2,-1,1,1,-1,76.1
ZH,586,-1,1,1,-1,-1,1,67.5
ZH,587,-1,1,1,-1,-1,1,50.9
ZH,588,-1,3,1,1,-1,-1,75.7
ZH,589,-1,3,1,1,-1,-1,79.4
ZH,590,-1,2,-1,1,1,-1,79.6
ZH,591,-1,3,1,1,-1,-1,89.1
ZH,592,1,3,1,1,1,1,64.8
ZH,593,-1,1,1,-1,-1,1,73.4
ZH,594,-1,1,1,-1,-1,1,67.1
ZH,595,-1,1,1,-1,-1,1,52.1
BE,554,-1,1,1,-1,-1,1,59.3
BE,555,1,2,-1,1,-1,1,54.9
BE,556,-1,2,-1,1,1,-1,64.2
BE,557,-1,1,1,-1,-1,1,68.6
BE,558,1,3,1,1,1,1,87.2
BE,559,-1,1,1,-1,-1,1,58.9
BE,560,-1,2,-1,1,1,-1,76.5
BE,561,-1,3,1,1,-1,-1,77.4
BE,562,-1,3,1,1,-1,-1,71.4
BE,563,1,2,-1,1,-1,1,71.5
BE,564,-1,3,1,1,-1,-1,58.7
BE,565,-1,1,1,-1,-1,1,69.7
BE,566,1,3,1,1,1,1,67.5
BE,567,-1,1,1,-1,-1,1,50.6
BE,568,1,2,-1,1,-1,1,70.4
BE,569,1,2,-1,1,-1,1,66.8
BE,570,-1,3,1,1,-1,-1,79.2
BE,571,1,1,1,-1,1,-1,80.5
BE,572,-1,1,1,-1,-1,1,75.3
BE,573,1,3,1,1,1,1,54.9
BE,574,1,1,1,-1,1,-1,53.4
BE,575,-1,1,1,-1,-1,1,62.0
BE,576,-1,3,1,1,-1,-1,56.8
BE,577,-1,3,1,1,-1,-1,60.4
BE,578,1,3,1,1,1,1,57.6
BE,579,-1,3,1,1,-1,-1,67.9
BE,580,1,0,-1,-1,-1,-1,51.1
BE,581,1,3,1,1,1,1,89.5
BE,582,1,1,1,-1,1,-1,57.1
BE,583,-1,1,1,-1,-1,1,76.2
BE,584,-1,2,-1,1,1,-1,50.9
BE,585,-1,2,-1,1,1,-1,73.2
BE,586,-1,1,1,-1,-1,1,61.4
BE,587,-1,1,1,-1,-1,1,56.1
BE,588,-1,3,1,1,-1,-1,74.9
BE,589,-1,3,1,1,-1,-1,78.4
BE,590,-1,2,-1,1,1,-1,79.4
BE,591,-1,3,1,1,-1,-1,91.5
BE,592,1,3,1,1,1,1,57.1
BE,593,-1,1,1,-1,-1,1,73.3
BE,594,-1,1,1,-1,-1,1,64.4
BE,595,-1,1,1,-1,-1,1,50.7
LU,554,-1,1,1,-1,-1,1,59.9
LU,555,-1,1,1,-1,-1,1,52.7
LU,556,-1,2,-1,1,1,-1,59.4
LU,557,-1,1,1,-1,-1,1,73.3
LU,558,1,3,1,1,1,1,85.5
LU,559,-1,1,1,-1,-1,1,63.0
LU,560,-1,2,-1,1,1,-1,73.3
LU,561,-1,3,1,1,-1,-1,77.0
LU,562,-1,3,1,1,-1,-1,72.2
LU,563,1,2,-1,1,-1,1,70.5
LU,564,-1,3,1,1,-1,-1,51.0
LU,565,-1,1,1,-1,-1,1,69.2
LU,566,1,3,1,1,1,1,61.9
LU,567,-1,1,1,-1,-1,1,51.2
LU,568,1,2,-1,1,-1,1,66.3
LU,569,1,2,-1,1,-1,1,68.1
LU,570,-1,3,1,1,-1,-1,78.6
LU,571,1,1,1,-1,1,-1,83.3
LU,572,-1,1,1,-1,-1,1,77.5
LU,573,1,3,1,1,1,1,59.5
LU,574,1,1,1,-1,1,-1,55.3
LU,575,-1,1,1,-1,-1,1,70.3
LU,576,-1,3,1,1,-1,-1,54.9
LU,577,-1,3,1,1,-1,-1,54.8
LU,578,1,3,1,1,1,1,61.3
LU,579,-1,3,1,1,-1,-1,61.9
LU,580,1,0,-1,-1,-1,-1,53.3
LU,581,1,3,1,1,1,1,88.6
LU,582,1,1,1,-1,1,-1,57.5
LU,583,-1,1,1,-1,-1,1,81.8
LU,584,1,1,1,-1,1,-1,54.3
LU,585,-1,2,-1,1,1,-1,72.4
LU,586,-1,1,1,-1,-1,1,74.0
LU,587,-1,1,1,-1,-1,1,57.1
LU,588,-1,3,1,1,-1,-1,70.4
LU,589,-1,3,1,1,-1,-1,75.3
LU,590,-1,2,-1,1,1,-1,73.9
LU,591,-1,3,1,1,-1,-1,91.6
LU,592,1,3,1,1,1,1,54.7
LU,593,-1,1,1,-1,-1,1,77.9
LU,594,-1,1,1,-1,-1,1,73.1
LU,595,-1,1,1,-1,-1,1,50.2
UR,554,-1,1,1,-1,-1,1,70.6
UR,555,-1,1,1,-1,-1,1,61.4
UR,556,-1,2,-1,1,1,-1,61.2
UR,557,-1,1,1,-1,-1,1,74.0
UR,558,1,3,1,1,1,1,78.3
UR,559,-1,1,1,-1,-1,1,72.8
UR,560,-1,2,-1,1,1,-1,77.3
UR,561,-1,3,1,1,-1,-1,76.8
UR,562,-1,3,1,1,-1,-1,77.4
UR,563,1,2,-1,1,-1,1,57.0
UR,564,-1,3,1,1,-1,-1,52.0
UR,565,-1,1,1,-1,-1,1,77.8
UR,566,-1,0,-1,-1,1,1,57.7
UR,567,-1,1,1,-1,-1,1,68.2
UR,568,1,2,-1,1,-1,1,64.3
UR,569,1,2,-1,1,-1,1,55.9
UR,570,-1,3,1,1,-1,-1,75.9
UR,571,1,1,1,-1,1,-1,82.6
UR,572,-1,1,1,-1,-1,1,85.0
UR,573,-1,0,-1,-1,1,1,50.5
UR,574,-1,2,-1,1,1,-1,56.5
UR,575,-1,1,1,-1,-1,1,68.1
UR,576,1,0,-1,-1,-1,-1,50.7
UR,577,-1,3,1,1,-1,-1,61.1
UR,578,1,3,1,1,1,1,51.5
UR,579,-1,3,1,1,-1,-1,54.7
UR,580,1,0,-1,-1,-1,-1,58.2
UR,581,1,3,1,1,1,1,86.3
UR,582,1,1,1,-1,1,-1,63.2
UR,583,-1,1,1,-1,-1,1,82.4
UR,584,1,1,1,-1,1,-1,62.4
UR,585,-1,2,-1,1,1,-1,64.6
UR,586,-1,1,1,-1,-1,1,66.7
UR,587,-1,1,1,-1,-1,1,61.6
UR,588,-1,3,1,1,-1,-1,70.0
UR,589,-1,3,1,1,-1,-1,74.1
UR,590,-1,2,-1,1,1,-1,75.6
UR,591,-1,3,1,1,-1,-1,94.0
UR,592,-1,0,-1,-1,1,1,53.9
UR,593,-1,1,1,-1,-1,1,79.2
UR,594,-1,1,1,-1,-1,1,74.0
UR,595,-1,1,1,-1,-1,1,55.8
SZ,554,-1,1,1,-1,-1,1,70.9
SZ,555,-1,1,1,-1,-1,1,57.2
SZ,556,-1,2,-1,1,1,-1,56.5
SZ,557,-1,1,1,-1,-1,1,78.0
SZ,558,1,3,1,1,1,1,78.3
SZ,559,-1,1,1,-1,-1,1,71.0
SZ,560,-1,2,-1,1,1,-1,68.6
SZ,561,-1,3,1,1,-1,-1,66.0
SZ,562,-1,3,1,1,-1,-1,73.5
SZ,563,1,2,-1,1,-1,1,55.9
SZ,564,1,0,-1,-1,-1,-1,52.0
SZ,565,-1,1,1,-1,-1,1,75.0
SZ,566,1,3,1,1,1,1,50.3
SZ,567,-1,1,1,-1,-1,1,63.1
SZ,568,1,2,-1,1,-1,1,60.8
SZ,569,1,2,-1,1,-1,1,56.6
SZ,570,-1,3,1,1,-1,-1,69.6
SZ,571,1,1,1,-1,1,-1,86.4
SZ,572,-1,1,1,-1,-1,1,83.8
SZ,573,-1,0,-1,-1,1,1,54.5
SZ,574,1,1,1,-1,1,-1,55.9
SZ,575,-1,1,1,-1,-1,1,76.7
SZ,576,1,0,-1,-1,-1,-1,51.2
SZ,577,-1,3,1,1,-1,-1,64.2
SZ,578,-1,0,-1,-1,1,1,50.5
SZ,579,-1,3,1,1,-1,-1,55.7
SZ,580,1,0,-1,-1,-1,-1,63.1
SZ,581,1,3,1,1,1,1,81.0
SZ,582,1,1,1,-1,1,-1,65.1
SZ,583,-1,1,1,-1,-1,1,86.4
SZ,584,1,1,1,-1,1,-1,61.5
SZ,585,-1,2,-1,1,1,-1,69.8
SZ,586,-1,1,1,-1,-1,1,79.1
SZ,587,-1,1,1,-1,-1,1,64.0
SZ,588,-1,3,1,1,-1,-1,65.8
SZ,589,-1,3,1,1,-1,-1,70.7
SZ,590,-1,2,-1,1,1,-1,75.2
SZ,591,-1,3,1,1,-1,-1,93.8
SZ,592,-1,0,-1,-1,1,1,51.0
SZ,593,-1,1,1,-1,-1,1,82.5
SZ,594,-1,1,1,-1,-1,1,82.8
SZ,595,-1,1,1,-1,-1,1,59.7
OW,554,-1,1,1,-1,-1,1,71.9
OW,555,-1,1,1,-1,-1,1,58.6
OW,556,-1,2,-1,1,1,-1,58.6
OW,557,-1,1,1,-1,-1,1,79.1
OW,558,1,3,1,1,1,1,82.7
OW,559,-1,1,1,-1,-1,1,59.9
OW,560,-1,2,-1,1,1,-1,71.1
OW,561,-1,3,1,1,-1,-1,71.5
OW,562,-1,3,1,1,-1,-1,76.2
OW,563,1,2,-1,1,-1,1,62.1
OW,564,-1,3,1,1,-1,-1,54.5
OW,565,-1,1,1,-1,-1,1,72.1
OW,566,1,3,1,1,1,1,50.8
OW,567,-1,1,1,-1,-1,1,62.0
OW,568,1,2,-1,1,-1,1,56.1
OW,569,1,2,-1,1,-1,1,56.3
OW,570,-1,3,1,1,-1,-1,74.7
OW,571,1,1,1,-1,1,-1,85.6
OW,572,-1,1,1,-1,-1,1,83.8
OW,573,1,3,1,1,1,1,51.4
OW,574,1,1,1,-1,1,-1,56.1
OW,575,-1,1,1,-1,-1,1,72.5
OW,576,-1,3,1,1,-1,-1,54.7
OW,577,-1,3,1,1,-1,-1,61.9
OW,578,1,3,1,1,1,1,52.3
OW,579,-1,3,1,1,-1,-1,58.4
OW,580,1,0,-1,-1,-1,-1,59.1
OW,581,1,3,1,1,1,1,82.8
OW,582,1,1,1,-1,1,-1,59.4
OW,583,-1,1,1,-1,-1,1,86.1
OW,584,1,1,1,-1,1,-1,63.8
OW,585,-1,2,-1,1,1,-1,65.1
OW,586,-1,1,1,-1,-1,1,77.0
OW,587,-1,1,1,-1,-1,1,66.6
OW,588,-1,3,1,1,-1,-1,67.4
OW,589,-1,3,1,1,-1,-1,72.2
OW,590,-1,2,-1,1,1,-1,78.6
OW,591,-1,3,1,1,-1,-1,94.1
OW,592,-1,0,-1,-1,1,1,55.8
OW,593,-1,1,1,-1,-1,1,84.7
OW,594,-1,1,1,-1,-1,1,82.2
OW,595,-1,1,1,-1,-1,1,59.0
NW,554,-1,1,1,-1,-1,1,68.8
NW,555,-1,1,1,-1,-1,1,58.0
NW,556,-1,2,-1,1,1,-1,58.3
NW,557,-1,1,1,-1,-1,1,78.4
NW,558,1,3,1,1,1,1,84.3
NW,559,-1,1,1,-1,-1,1,60.2
NW,560,-1,2,-1,1,1,-1,70.9
NW,561,-1,3,1,1,-1,-1,71.5
NW,562,-1,3,1,1,-1,-1,75.3
NW,563,1,2,-1,1,-1,1,56.8
NW,564,-1,3,1,1,-1,-1,51.5
NW,565,-1,1,1,-1,-1,1,72.4
NW,566,1,3,1,1,1,1,53.2
NW,567,-1,1,1,-1,-1,1,59.0
NW,568,1,2,-1,1,-1,1,57.7
NW,569,1,2,-1,1,-1,1,59.1
NW,570,-1,3,1,1,-1,-1,73.7
NW,571,1,1,1,-1,1,-1,86.7
NW,572,-1,1,1,-1,-1,1,84.2
NW,573,1,3,1,1,1,1,56.1
NW,574,1,1,1,-1,1,-1,62.5
NW,575,-1,1,1,-1,-1,1,74.8
NW,576,-1,3,1,1,-1,-1,56.4
NW,577,-1,3,1,1,-1,-1,61.1
NW,578,1,3,1,1,1,1,51.6
NW,579,-1,3,1,1,-1,-1,60.3
NW,580,1,0,-1,-1,-1,-1,58.8
NW,581,1,3,1,1,1,1,83.2
NW,582,1,1,1,-1,1,-1,59.3
NW,583,-1,1,1,-1,-1,1,87.2
NW,584,1,1,1,-1,1,-1,68.2
NW,585,-1,2,-1,1,1,-1,69.6
NW,586,-1,1,1,-1,-1,1,78.9
NW,587,-1,1,1,-1,-1,1,69.1
NW,588,-1,3,1,1,-1,-1,70.8
NW,589,-1,3,1,1,-1,-1,75.4
NW,590,-1,2,-1,1,1,-1,76.0
NW,591,-1,3,1,1,-1,-1,94.0
NW,592,1,3,1,1,1,1,50.1
NW,593,-1,1,1,-1,-1,1,83.9
NW,594,-1,1,1,-1,-1,1,82.1
NW,595,-1,1,1,-1,-1,1,56.8
GL,554,-1,1,1,-1,-1,1,69.8
GL,555,-1,1,1,-1,-1,1,51.6
GL,556,-1,2,-1,1,1,-1,62.2
GL,557,-1,1,1,-1,-1,1,73.9
GL,558,1,3,1,1,1,1,85.6
GL,559,-1,1,1,-1,-1,1,61.2
GL,560,-1,2,-1,1,1,-1,73.8
GL,561,-1,3,1,1,-1,-1,72.5
GL,562,-1,3,1,1,-1,-1,76.4
GL,563,1,2,-1,1,-1,1,65.3
GL,564,1,0,-1,-1,-1,-1,55.4
GL,565,-1,1,1,-1,-1,1,65.1
GL,566,1,3,1,1,1,1,57.1
GL,567,-1,1,1,-1,-1,1,57.4
GL,568,1,2,-1,1,-1,1,69.6
GL,569,1,2,-1,1,-1,1,66.6
GL,570,-1,3,1,1,-1,-1,73.4
GL,571,1,1,1,-1,1,-1,82.8
GL,572,-1,1,1,-1,-1,1,82.1
GL,573,1,3,1,1,1,1,51.3
GL,574,1,1,1,-1,1,-1,53.4
GL,575,-1,1,1,-1,-1,1,66.5
GL,576,-1,3,1,1,-1,-1,57.7
GL,577,-1,3,1,1,-1,-1,51.8
GL,578,1,3,1,1,1,1,50.9
GL,579,-1,3,1,1,-1,-1,64.2
GL,580,1,0,-1,-1,-1,-1,59.4
GL,581,1,3,1,1,1,1,88.7
GL,582,1,1,1,-1,1,-1,63.5
GL,583,-1,1,1,-1,-1,1,82.3
GL,584,1,1,1,-1,1,-1,59.9
GL,585,-1,2,-1,1,1,-1,71.4
GL,586,-1,1,1,-1,-1,1,66.9
GL,587,-1,1,1,-1,-1,1,58.5
GL,588,-1,3,1,1,-1,-1,69.2
GL,589,-1,3,1,1,-1,-1,75.4
GL,590,-1,2,-1,1,1,-1,83.1
GL,591,-1,3,1,1,-1,-1,93.6
GL,592,1,3,1,1,1,1,52.5
GL,593,-1,1,1,-1,-1,1,79.1
GL,594,-1,1,1,-1,-1,1,70.0
GL,595,-1,1,1,-1,-1,1,54.6
ZG,554,-1,1,1,-1,-1,1,57.2
ZG,555,-1,1,1,-1,-1,1,55.1
ZG,556,-1,2,-1,1,1,-1,56.9
ZG,557,-1,1,1,-1,-1,1,74.2
ZG,558,1,3,1,1,1,1,84.9
ZG,559,-1,1,1,-1,-1,1,67.8
ZG,560,-1,2,-1,1,1,-1,69.8
ZG,561,-1,3,1,1,-1,-1,72.9
ZG,562,-1,3,1,1,-1,-1,73.9
ZG,563,1,2,-1,1,-1,1,71.0
ZG,564,-1,3,1,1,-1,-1,52.8
ZG,565,-1,1,1,-1,-1,1,69.6
ZG,566,1,3,1,1,1,1,57.5
ZG,567,-1,1,1,-1,-1,1,52.5
ZG,568,1,2,-1,1,-1,1,58.2
ZG,569,1,2,-1,1,-1,1,71.4
ZG,570,-1,3,1,1,-1,-1,77.3
ZG,571,1,1,1,-1,1,-1,85.4
ZG,572,-1,1,1,-1,-1,1,78.6
ZG,573,1,3,1,1,1,1,57.4
ZG,574,1,1,1,-1,1,-1,63.8
ZG,575,-1,1,1,-1,-1,1,77.0
ZG,576,-1,3,1,1,-1,-1,56.1
ZG,577,-1,3,1,1,-1,-1,54.6
ZG,578,1,3,1,1,1,1,63.9
ZG,579,-1,3,1,1,-1,-1,66.3
ZG,580,-1,3,1,1,-1,-1,50.1
ZG,581,1,3,1,1,1,1,86.5
ZG,582,1,1,1,-1,1,-1,58.5
ZG,583,-1,1,1,-1,-1,1,84.2
ZG,584,1,1,1,-1,1,-1,58.0
ZG,585,-1,2,-1,1,1,-1,75.8
ZG,586,-1,1,1,-1,-1,1,77.9
ZG,587,-1,1,1,-1,-1,1,67.4
ZG,588,-1,3,1,1,-1,-1,75.6
ZG,589,-1,3,1,1,-1,-1,79.7
ZG,590,-1,2,-1,1,1,-1,77.8
ZG,591,-1,3,1,1,-1,-1,92.4
ZG,592,1,3,1,1,1,1,57.8
ZG,593,-1,1,1,-1,-1,1,81.6
ZG,594,-1,1,1,-1,-1,1,80.6
ZG,595,-1,1,1,-1,-1,1,56.5
FR,554,-1,1,1,-1,-1,1,58.9
FR,555,1,2,-1,1,-1,1,50.8
FR,556,-1,2,-1,1,1,-1,54.0
FR,557,-1,1,1,-1,-1,1,62.9
FR,558,1,3,1,1,1,1,87.9
FR,559,1,2,-1,1,-1,1,57.5
FR,560,-1,2,-1,1,1,-1,72.1
FR,561,-1,3,1,1,-1,-1,81.4
FR,562,-1,3,1,1,-1,-1,79.7
FR,563,1,2,-1,1,-1,1,72.8
FR,564,-1,3,1,1,-1,-1,56.5
FR,565,-1,1,1,-1,-1,1,66.1
FR,566,1,3,1,1,1,1,69.2
FR,567,1,2,-1,1,-1,1,62.7
FR,568,1,2,-1,1,-1,1,70.3
FR,569,1,2,-1,1,-1,1,62.9
FR,570,-1,3,1,1,-1,-1,80.3
FR,571,1,1,1,-1,1,-1,75.2
FR,572,-1,1,1,-1,-1,1,70.5
FR,573,1,3,1,1,1,1,66.0
FR,574,-1,2,-1,1,1,-1,50.9
FR,575,-1,1,1,-1,-1,1,61.9
FR,576,-1,3,1,1,-1,-1,59.4
FR,577,-1,3,1,1,-1,-1,69.4
FR,578,1,3,1,1,1,1,58.6
FR,579,-1,3,1,1,-1,-1,76.3
FR,580,-1,3,1,1,-1,-1,51.5
FR,581,1,3,1,1,1,1,90.8
FR,582,1,1,1,-1,1,-1,68.8
FR,583,-1,1,1,-1,-1,1,75.1
FR,584,-1,2,-1,1,1,-1,59.4
FR,585,-1,2,-1,1,1,-1,68.9
FR,586,-1,1,1,-1,-1,1,50.3
FR,587,-1,1,1,-1,-1,1,64.0
FR,588,-1,3,1,1,-1,-1,74.5
FR,589,-1,3,1,1,-1,-1,78.9
FR,590,-1,2,-1,1,1,-1,67.4
FR,591,-1,3,1,1,-1,-1,94.4
FR,592,1,3,1,1,1,1,67.0
FR,593,-1,1,1,-1,-1,1,70.1
FR,594,-1,1,1,-1,-1,1,71.7
FR,595,1,2,-1,1,-1,1,55.0
SO,554,-1,1,1,-1,-1,1,65.0
SO,555,1,2,-1,1,-1,1,56.2
SO,556,-1,2,-1,1,1,-1,57.1
SO,557,-1,1,1,-1,-1,1,69.1
SO,558,1,3,1,1,1,1,84.9
SO,559,-1,1,1,-1,-1,1,64.8
SO,560,-1,2,-1,1,1,-1,72.3
SO,561,-1,3,1,1,-1,-1,76.6
SO,562,-1,3,1,1,-1,-1,71.3
SO,563,1,2,-1,1,-1,1,74.2
SO,564,1,0,-1,-1,-1,-1,52.1
SO,565,-1,1,1,-1,-1,1,71.0
SO,566,1,3,1,1,1,1,66.6
SO,567,1,2,-1,1,-1,1,50.4
SO,568,1,2,-1,1,-1,1,67.9
SO,569,1,2,-1,1,-1,1,69.5
SO,570,-1,3,1,1,-1,-1,77.6
SO,571,1,1,1,-1,1,-1,83.3
SO,572,-1,1,1,-1,-1,1,77.8
SO,573,1,3,1,1,1,1,58.3
SO,574,1,1,1,-1,1,-1,54.5
SO,575,-1,1,1,-1,-1,1,66.1
SO,576,-1,3,1,1,-1,-1,58.2
SO,577,-1,3,1,1,-1,-1,63.8
SO,578,1,3,1,1,1,1,53.4
SO,579,-1,3,1,1,-1,-1,65.3
SO,580,1,0,-1,-1,-1,-1,54.6
SO,581,1,3,1,1,1,1,88.2
SO,582,1,1,1,-1,1,-1,65.2
SO,583,-1,1,1,-1,-1,1,77.7
SO,584,1,1,1,-1,1,-1,50.3
SO,585,-1,2,-1,1,1,-1,69.2
SO,586,-1,1,1,-1,-1,1,61.8
SO,587,-1,1,1,-1,-1,1,53.8
SO,588,-1,3,1,1,-1,-1,69.6
SO,589,-1,3,1,1,-1,-1,76.4
SO,590,-1,2,-1,1,1,-1,74.8
SO,591,-1,3,1,1,-1,-1,92.5
SO,592,1,3,1,1,1,1,55.2
SO,593,-1,1,1,-1,-1,1,74.1
SO,594,-1,1,1,-1,-1,1,70.4
SO,595,-1,1,1,-1,-1,1,51.3
BS,554,1,2,-1,1,-1,1,58.9
BS,555,1,2,-1,1,-1,1,62.2
BS,556,-1,2,-1,1,1,-1,64.0
BS,557,-1,1,1,-1,-1,1,60.7
BS,558,1,3,1,1,1,1,88.0
BS,559,-1,1,1,-1,-1,1,55.9
BS,560,-1,2,-1,1,1,-1,76.0
BS,561,-1,3,1,1,-1,-1,78.6
BS,562,-1,3,1,1,-1,-1,79.3
BS,563,1,2,-1,1,-1,1,81.6
BS,564,-1,3,1,1,-1,-1,63.8
BS,565,-1,1,1,-1,-1,1,58.4
BS,566,1,3,1,1,1,1,78.0
BS,567,1,2,-1,1,-1,1,65.0
BS,568,1,2,-1,1,-1,1,67.3
BS,569,1,2,-1,1,-1,1,78.1
BS,570,-1,3,1,1,-1,-1,79.2
BS,571,1,1,1,-1,1,-1,71.4
BS,572,-1,1,1,-1,-1,1,60.9
BS,573,1,3,1,1,1,1,67.7
BS,574,1,1,1,-1,1,-1,57.1
BS,575,-1,1,1,-1,-1,1,59.2
BS,576,-1,3,1,1,-1,-1,65.7
BS,577,-1,3,1,1,-1,-1,51.6
BS,578,1,3,1,1,1,1,72.3
BS,579,-1,3,1,1,-1,-1,75.4
BS,580,-1,3,1,1,-1,-1,61.0
BS,581,1,3,1,1,1,1,89.0
BS,582,1,1,1,-1,1,-1,56.2
BS,583,-1,1,1,-1,-1,1,62.3
BS,584,-1,2,-1,1,1,-1,67.7
BS,585,-1,2,-1,1,1,-1,71.2
BS,586,-1,1,1,-1,-1,1,55.0
BS,587,-1,1,1,-1,-1,1,54.9
BS,588,-1,3,1,1,-1,-1,76.2
BS,589,-1,3,1,1,-1,-1,78.6
BS,590,-1,2,-1,1,1,-1,75.4
BS,591,-1,3,1,1,-1,-1,86.0
BS,592,1,3,1,1,1,1,62.6
BS,593,-1,1,1,-1,-1,1,66.1
BS,594,-1,1,1,-1,-1,1,58.7
BS,595,1,2,-1,1,-1,1,51.2
BL,554,-1,1,1,-1,-1,1,54.8
BL,555,1,2,-1,1,-1,1,56.7
BL,556,1,1,1,-1,1,-1,53.0
BL,557,-1,1,1,-1,-1,1,68.8
BL,558,1,3,1,1,1,1,86.9
BL,559,-1,1,1,-1,-1,1,65.2
BL,560,-1,2,-1,1,1,-1,58.9
BL,561,-1,3,1,1,-1,-1,77.5
BL,562,-1,3,1,1,-1,-1,80.8
BL,563,1,2,-1,1,-1,1,75.7
BL,564,-1,3,1,1,-1,-1,50.5
BL,565,-1,1,1,-1,-1,1,60.6
BL,566,1,3,1,1,1,1,72.7
BL,567,1,2,-1,1,-1,1,52.8
BL,568,1,2,-1,1,-1,1,67.5
BL,569,1,2,-1,1,-1,1,70.3
BL,570,-1,3,1,1,-1,-1,78.1
BL,571,1,1,1,-1,1,-1,80.9
BL,572,-1,1,1,-1,-1,1,72.6
BL,573,1,3,1,1,1,1,62.3
BL,574,1,1,1,-1,1,-1,58.0
BL,575,-1,1,1,-1,-1,1,68.5
BL,576,-1,3,1,1,-1,-1,59.3
BL,577,-1,3,1,1,-1,-1,59.1
BL,578,1,3,1,1,1,1,63.0
BL,579,-1,3,1,1,-1,-1,70.3
BL,580,1,0,-1,-1,-1,-1,50.6
BL,581,1,3,1,1,1,1,88.7
BL,582,1,1,1,-1,1,-1,61.7
BL,583,-1,1,1,-1,-1,1,76.4
BL,584,-1,2,-1,1,1,-1,57.5
BL,585,-1,2,-1,1,1,-1,71.4
BL,586,-1,1,1,-1,-1,1,64.4
BL,587,-1,1,1,-1,-1,1,54.0
BL,588,-1,3,1,1,-1,-1,74.0
BL,589,-1,3,1,1,-1,-1,78.3
BL,590,-1,2,-1,1,1,-1,76.1
BL,591,-1,3,1,1,-1,-1,91.5
BL,592,1,3,1,1,1,1,61.3
BL,593,-1,1,1,-1,-1,1,73.5
BL,594,-1,1,1,-1,-1,1,70.8
BL,595,-1,1,1,-1,-1,1,54.2
SH,554,-1,1,1,-1,-1,1,61.0
SH,555,1,2,-1,1,-1,1,57.3
SH,556,-1,2,-1,1,1,-1,53.4
SH,557,-1,1,1,-1,-1,1,68.2
SH,558,1,3,1,1,1,1,81.6
SH,559,-1,1,1,-1,-1,1,65.0
SH,560,-1,2,-1,1,1,-1,65.0
SH,561,-1,3,1,1,-1,-1,66.7
SH,562,-1,3,1,1,-1,-1,73.8
SH,563,1,2,-1,1,-1,1,69.2
SH,564,1,0,-1,-1,-1,-1,55.9
SH,565,-1,1,1,-1,-1,1,71.1
SH,566,1,3,1,1,1,1,67.3
SH,567,-1,1,1,-1,-1,1,55.7
SH,568,1,2,-1,1,-1,1,75.9
SH,569,1,2,-1,1,-1,1,63.2
SH,570,-1,3,1,1,-1,-1,70.9
SH,571,1,1,1,-1,1,-1,80.0
SH,572,-1,1,1,-1,-1,1,74.7
SH,573,-1,0,-1,-1,1,1,50.0
SH,574,1,1,1,-1,1,-1,54.8
SH,575,-1,1,1,-1,-1,1,65.3
SH,576,-1,3,1,1,-1,-1,53.3
SH,577,-1,3,1,1,-1,-1,66.7
SH,578,1,3,1,1,1,1,53.4
SH,579,-1,3,1,1,-1,-1,65.0
SH,580,1,0,-1,-1,-1,-1,58.1
SH,581,1,3,1,1,1,1,87.2
SH,582,1,1,1,-1,1,-1,65.7
SH,583,-1,1,1,-1,-1,1,74.5
SH,584,-1,2,-1,1,1,-1,50.6
SH,585,-1,2,-1,1,1,-1,65.0
SH,586,-1,1,1,-1,-1,1,66.8
SH,587,1,2,-1,1,-1,1,50.8
SH,588,-1,3,1,1,-1,-1,68.2
SH,589,-1,3,1,1,-1,-1,71.5
SH,590,-1,2,-1,1,1,-1,72.7
SH,591,-1,3,1,1,-1,-1,89.1
SH,592,-1,0,-1,-1,1,1,50.9
SH,593,-1,1,1,-1,-1,1,71.2
SH,594,-1,1,1,-1,-1,1,68.3
SH,595,-1,1,1,-1,-1,1,56.7
AR,554,-1,1,1,-1,-1,1,62.2
AR,555,1,2,-1,1,-1,1,56.0
AR,556,-1,2,-1,1,1,-1,56.6
AR,557,-1,1,1,-1,-1,1,74.2
AR,558,1,3,1,1,1,1,85.6
AR,559,-1,1,1,-1,-1,1,64.6
AR,560,-1,2,-1,1,1,-1,69.5
AR,561,-1,3,1,1,-1,-1,72.3
AR,562,-1,3,1,1,-1,-1,67.7
AR,563,1,2,-1,1,-1,1,62.6
AR,564,1,0,-1,-1,-1,-1,51.0
AR,565,-1,1,1,-1,-1,1,68.5
AR,566,1,3,1,1,1,1,54.8
AR,567,-1,1,1,-1,-1,1,59.4
AR,568,1,2,-1,1,-1,1,66.3
AR,569,1,2,-1,1,-1,1,66.0
AR,570,-1,3,1,1,-1,-1,75.5
AR,571,1,1,1,-1,1,-1,82.3
AR,572,-1,1,1,-1,-1,1,77.7
AR,573,-1,0,-1,-1,1,1,55.1
AR,574,1,1,1,-1,1,-1,51.6
AR,575,-1,1,1,-1,-1,1,68.8
AR,576,-1,3,1,1,-1,-1,56.1
AR,577,-1,3,1,1,-1,-1,58.8
AR,578,1,3,1,1,1,1,55.7
AR,579,-1,3,1,1,-1,-1,60.2
AR,580,1,0,-1,-1,-1,-1,54.4
AR,581,1,3,1,1,1,1,82.1
AR,582,1,1,1,-1,1,-1,55.0
AR,583,-1,1,1,-1,-1,1,81.4
AR,584,1,1,1,-1,1,-1,51.1
AR,585,-1,2,-1,1,1,-1,72.1
AR,586,-1,1,1,-1,-1,1,73.0
AR,587,-1,1,1,-1,-1,1,52.0
AR,588,-1,3,1,1,-1,-1,70.0
AR,589,-1,3,1,1,-1,-1,71.5
AR,590,-1,2,-1,1,1,-1,79.6
AR,591,-1,3,1,1,-1,-1,92.0
AR,592,-1,0,-1,-1,1,1,51.3
AR,593,-1,1,1,-1,-1,1,78.7
AR,594,-1,1,1,-1,-1,1,71.8
AR,595,-1,1,1,-1,-1,1,57.5
AI,554,-1,1,1,-1,-1,1,72.3
AI,555,-1,1,1,-1,-1,1,53.2
AI,556,-1,2,-1,1,1,-1,59.9
AI,557,-1,1,1,-1,-1,1,82.2
AI,558,1,3,1,1,1,1,82.2
AI,559,-1,1,1,-1,-1,1,61.7
AI,560,-1,2,-1,1,1,-1,72.5
AI,561,-1,3,1,1,-1,-1,71.6
AI,562,-1,3,1,1,-1,-1,69.3
AI,563,1,2,-1,1,-1,1,57.2
AI,564,-1,3,1,1,-1,-1,55.1
AI,565,-1,1,1,-1,-1,1,76.2
AI,566,-1,0,-1,-1,1,1,55.4
AI,567,-1,1,1,-1,-1,1,72.9
AI,568,1,2,-1,1,-1,1,61.0
AI,569,1,2,-1,1,-1,1,55.4
AI,570,-1,3,1,1,-1,-1,73.0
AI,571,1,1,1,-1,1,-1,86.8
AI,572,-1,1,1,-1,-1,1,84.2
AI,573,-1,0,-1,-1,1,1,54.0
AI,574,1,1,1,-1,1,-1,50.3
AI,575,-1,1,1,-1,-1,1,72.1
AI,576,1,0,-1,-1,-1,-1,52.1
AI,577,-1,3,1,1,-1,-1,53.4
AI,578,1,3,1,1,1,1,51.5
AI,579,1,0,-1,-1,-1,-1,50.9
AI,580,1,0,-1,-1,-1,-1,63.5
AI,581,1,3,1,1,1,1,82.1
AI,582,1,1,1,-1,1,-1,59.4
AI,583,-1,1,1,-1,-1,1,87.9
AI,584,1,1,1,-1,1,-1,60.8
AI,585,-1,2,-1,1,1,-1,68.8
AI,586,-1,1,1,-1,-1,1,81.7
AI,587,-1,1,1,-1,-1,1,64.7
AI,588,-1,3,1,1,-1,-1,69.2
AI,589,-1,3,1,1,-1,-1,74.0
AI,590,-1,2,-1,1,1,-1,79.2
AI,591,-1,3,1,1,-1,-1,94.8
AI,592,-1,0,-1,-1,1,1,55.5
AI,593,-1,1,1,-1,-1,1,87.0
AI,594,-1,1,1,-1,-1,1,79.2
AI,595,-1,1,1,-1,-1,1,59.5
SG,554,-1,1,1,-1,-1,1,60.8
SG,555,1,2,-1,1,-1,1,51.7
SG,556,-1,2,-1,1,1,-1,57.2
SG,557,-1,1,1,-1,-1,1,71.4
SG,558,1,3,1,1,1,1,84.8
SG,559,-1,1,1,-1,-1,1,65.6
SG,560,-1,2,-1,1,1,-1,71.9
SG,561,-1,3,1,1,-1,-1,71.9
SG,562,-1,3,1,1,-1,-1,65.6
SG,563,1,2,-1,1,-1,1,67.3
SG,564,1,0,-1,-1,-1,-1,51.7
SG,565,-1,1,1,-1,-1,1,67.7
SG,566,1,3,1,1,1,1,59.8
SG,567,-1,1,1,-1,-1,1,57.2
SG,568,1,2,-1,1,-1,1,66.4
SG,569,1,2,-1,1,-1,1,64.3
SG,570,-1,3,1,1,-1,-1,74.2
SG,571,1,1,1,-1,1,-1,83.5
SG,572,-1,1,1,-1,-1,1,77.6
SG,573,1,3,1,1,1,1,50.6
SG,574,1,1,1,-1,1,-1,52.3
SG,575,-1,1,1,-1,-1,1,68.2
SG,576,-1,3,1,1,-1,-1,54.1
SG,577,-1,3,1,1,-1,-1,59.5
SG,578,1,3,1,1,1,1,57.8
SG,579,-1,3,1,1,-1,-1,57.6
SG,580,1,0,-1,-1,-1,-1,55.9
SG,581,1,3,1,1,1,1,85.1
SG,582,1,1,1,-1,1,-1,63.4
SG,583,-1,1,1,-1,-1,1,81.7
SG,584,1,1,1,-1,1,-1,52.0
SG,585,-1,2,-1,1,1,-1,73.2
SG,586,-1,1,1,-1,-1,1,70.7
SG,587,-1,1,1,-1,-1,1,55.5
SG,588,-1,3,1,1,-1,-1,69.6
SG,589,-1,3,1,1,-1,-1,72.6
SG,590,-1,2,-1,1,1,-1,76.2
SG,591,-1,3,1,1,-1,-1,92.7
SG,592,1,3,1,1,1,1,52.0
SG,593,-1,1,1,-1,-1,1,78.0
SG,594,-1,1,1,-1,-1,1,72.0
SG,595,-1,1,1,-1,-1,1,51.5
GR,554,-1,1,1,-1,-1,1,65.6
GR,555,-1,1,1,-1,-1,1,57.3
GR,556,-1,2,-1,1,1,-1,54.2
GR,557,-1,1,1,-1,-1,1,73.4
GR,558,1,3,1,1,1,1,84.9
GR,559,-1,1,1,-1,-1,1,56.2
GR,560,-1,2,-1,1,1,-1,69.5
GR,561,-1,3,1,1,-1,-1,75.7
GR,562,-1,3,1,1,-1,-1,70.2
GR,563,1,2,-1,1,-1,1,73.0
GR,564,-1,3,1,1,-1,-1,52.3
GR,565,-1,1,1,-1,-1,1,69.2
GR,566,1,3,1,1,1,1,59.8
GR,567,-1,1,1,-1,-1,1,51.2
GR,568,1,2,-1,1,-1,1,65.6
GR,569,1,2,-1,1,-1,1,61.5
GR,570,-1,3,1,1,-1,-1,79.1
GR,571,1,1,1,-1,1,-1,80.5
GR,572,-1,1,1,-1,-1,1,77.3
GR,573,1,3,1,1,1,1,55.8
GR,574,1,1,1,-1,1,-1,60.0
GR,575,-1,1,1,-1,-1,1,69.1
GR,576,-1,3,1,1,-1,-1,55.9
GR,577,-1,3,1,1,-1,-1,54.9
GR,578,1,3,1,1,1,1,64.6
GR,579,-1,3,1,1,-1,-1,66.3
GR,580,1,0,-1,-1,-1,-1,50.6
GR,581,1,3,1,1,1,1,89.1
GR,582,1,1,1,-1,1,-1,62.6
GR,583,-1,1,1,-1,-1,1,81.8
GR,584,1,1,1,-1,1,-1,50.7
GR,585,-1,2,-1,1,1,-1,71.1
GR,586,-1,1,1,-1,-1,1,72.7
GR,587,-1,1,1,-1,-1,1,71.2
GR,588,-1,3,1,1,-1,-1,78.0
GR,589,-1,3,1,1,-1,-1,79.6
GR,590,-1,2,-1,1,1,-1,78.2
GR,591,-1,3,1,1,-1,-1,93.1
GR,592,1,3,1,1,1,1,53.9
GR,593,-1,1,1,-1,-1,1,77.2
GR,594,-1,1,1,-1,-1,1,76.0
GR,595,1,2,-1,1,-1,1,50.8
AG,554,-1,1,1,-1,-1,1,61.4
AG,555,1,2,-1,1,-1,1,50.6
AG,556,-1,2,-1,1,1,-1,56.2
AG,557,-1,1,1,-1,-1,1,70.3
AG,558,1,3,1,1,1,1,84.2
AG,559,-1,1,1,-1,-1,1,67.9
AG,560,-1,2,-1,1,1,-1,68.9
AG,561,-1,3,1,1,-1,-1,72.9
AG,562,-1,3,1,1,-1,-1,69.0
AG,563,1,2,-1,1,-1,1,74.5
AG,564,1,0,-1,-1,-1,-1,54.8
AG,565,-1,1,1,-1,-1,1,70.2
AG,566,1,3,1,1,1,1,64.1
AG,567,-1,1,1,-1,-1,1,52.8
AG,568,1,2,-1,1,-1,1,66.8
AG,569,1,2,-1,1,-1,1,66.9
AG,570,-1,3,1,1,-1,-1,73.7
AG,571,1,1,1,-1,1,-1,83.1
AG,572,-1,1,1,-1,-1,1,78.8
AG,573,1,3,1,1,1,1,55.9
AG,574,1,1,1,-1,1,-1,55.9
AG,575,-1,1,1,-1,-1,1,71.1
AG,576,-1,3,1,1,-1,-1,56.5
AG,577,-1,3,1,1,-1,-1,63.8
AG,578,1,3,1,1,1,1,55.4
AG,579,-1,3,1,1,-1,-1,63.9
AG,580,1,0,-1,-1,-1,-1,55.2
AG,581,1,3,1,1,1,1,87.4
AG,582,1,1,1,-1,1,-1,63.9
AG,583,-1,1,1,-1,-1,1,80.8
AG,584,1,1,1,-1,1,-1,51.9
AG,585,-1,2,-1,1,1,-1,70.1
AG,586,-1,1,1,-1,-1,1,69.0
AG,587,-1,1,1,-1,-1,1,56.6
AG,588,-1,3,1,1,-1,-1,70.6
AG,589,-1,3,1,1,-1,-1,76.0
AG,590,-1,2,-1,1,1,-1,76.8
AG,591,-1,3,1,1,-1,-1,92.3
AG,592,1,3,1,1,1,1,57.9
AG,593,-1,1,1,-1,-1,1,77.2
AG,594,-1,1,1,-1,-1,1,74.6
AG,595,-1,1,1,-1,-1,1,53.0
TG,554,-1,1,1,-1,-1,1,65.5
TG,555,1,2,-1,1,-1,1,52.6
TG,556,-1,2,-1,1,1,-1,59.6
TG,557,-1,1,1,-1,-1,1,73.5
TG,558,1,3,1,1,1,1,85.0
TG,559,-1,1,1,-1,-1,1,64.4
TG,560,-1,2,-1,1,1,-1,71.2
TG,561,-1,3,1,1,-1,-1,71.4
TG,562,-1,3,1,1,-1,-1,65.9
TG,563,1,2,-1,1,-1,1,68.9
TG,564,1,0,-1,-1,-1,-1,53.7
TG,565,-1,1,1,-1,-1,1,67.0
TG,566,1,3,1,1,1,1,60.0
TG,567,-1,1,1,-1,-1,1,58.3
TG,568,1,2,-1,1,-1,1,70.5
TG,569,1,2,-1,1,-1,1,68.6
TG,570,-1,3,1,1,-1,-1,74.0
TG,571,1,1,1,-1,1,-1,84.3
TG,572,-1,1,1,-1,-1,1,80.7
TG,573,1,3,1,1,1,1,50.3
TG,574,1,1,1,-1,1,-1,51.8
TG,575,-1,1,1,-1,-1,1,69.3
TG,576,-1,3,1,1,-1,-1,51.7
TG,577,-1,3,1,1,-1,-1,61.7
TG,578,1,3,1,1,1,1,54.2
TG,579,-1,3,1,1,-1,-1,59.1
TG,580,1,0,-1,-1,-1,-1,57.8
TG,581,1,3,1,1,1,1,84.7
TG,582,1,1,1,-1,1,-1,62.6
TG,583,-1,1,1,-1,-1,1,82.2
TG,584,1,1,1,-1,1,-1,55.6
TG,585,-1,2,-1,1,1,-1,72.7
TG,586,-1,1,1,-1,-1,1,73.5
TG,587,-1,1,1,-1,-1,1,55.7
TG,588,-1,3,1,1,-1,-1,69.1
TG,589,-1,3,1,1,-1,-1,72.8
TG,590,-1,2,-1,1,1,-1,77.3
TG,591,-1,3,1,1,-1,-1,92.1
TG,592,1,3,1,1,1,1,50.4
TG,593,-1,1,1,-1,-1,1,78.9
TG,594,-1,1,1,-1,-1,1,73.0
TG,595,-1,1,1,-1,-1,1,54.5
TI,554,-1,1,1,-1,-1,1,63.6
TI,555,-1,1,1,-1,-1,1,54.0
TI,556,1,1,1,-1,1,-1,62.8
TI,557,-1,1,1,-1,-1,1,54.1
TI,558,1,3,1,1,1,1,87.7
TI,559,-1,1,1,-1,-1,1,53.3
TI,560,-1,2,-1,1,1,-1,58.0
TI,561,-1,3,1,1,-1,-1,61.6
TI,562,-1,3,1,1,-1,-1,87.6
TI,563,1,2,-1,1,-1,1,75.8
TI,564,1,0,-1,-1,-1,-1,51.8
TI,565,-1,1,1,-1,-1,1,50.9
TI,566,1,3,1,1,1,1,66.2
TI,567,1,2,-1,1,-1,1,66.7
TI,568,1,2,-1,1,-1,1,70.7
TI,569,1,2,-1,1,-1,1,55.3
TI,570,-1,3,1,1,-1,-1,68.0
TI,571,1,1,1,-1,1,-1,74.9
TI,572,-1,1,1,-1,-1,1,72.3
TI,573,1,3,1,1,1,1,64.4
TI,574,1,1,1,-1,1,-1,63.6
TI,575,-1,1,1,-1,-1,1,51.0
TI,576,-1,3,1,1,-1,-1,53.2
TI,577,-1,3,1,1,-1,-1,67.6
TI,578,1,3,1,1,1,1,71.7
TI,579,-1,3,1,1,-1,-1,67.5
TI,580,1,0,-1,-1,-1,-1,68.2
TI,581,1,3,1,1,1,1,87.7
TI,582,1,1,1,-1,1,-1,83.0
TI,583,-1,1,1,-1,-1,1,68.0
TI,584,-1,2,-1,1,1,-1,54.7
TI,585,-1,2,-1,1,1,-1,64.7
TI,586,-1,1,1,-1,-1,1,55.5
TI,587,-1,1,1,-1,-1,1,68.0
TI,588,-1,3,1,1,-1,-1,63.1
TI,589,-1,3,1,1,-1,-1,66.7
TI,590,-1,2,-1,1,1,-1,70.5
TI,591,-1,3,1,1,-1,-1,93.3
TI,592,1,3,1,1,1,1,60.9
TI,593,-1,1,1,-1,-1,1,70.9
TI,594,-1,1,1,-1,-1,1,72.9
TI,595,-1,1,1,-1,-1,1,52.0
VD,554,1,2,-1,1,-1,1,53.7
VD,555,1,2,-1,1,-1,1,52.6
VD,556,1,1,1,-1,1,-1,50.8
VD,557,-1,1,1,-1,-1,1,58.9
VD,558,1,3,1,1,1,1,94.3
VD,559,1,2,-1,1,-1,1,60.6
VD,560,-1,2,-1,1,1,-1,61.7
VD,561,-1,3,1,1,-1,-1,82.4
VD,562,-1,3,1,1,-1,-1,91.2
VD,563,1,2,-1,1,-1,1,75.4
VD,564,-1,3,1,1,-1,-1,64.1
VD,565,-1,1,1,-1,-1,1,61.7
VD,566,1,3,1,1,1,1,88.5
VD,567,1,2,-1,1,-1,1,70.8
VD,568,1,2,-1,1,-1,1,66.5
VD,569,1,2,-1,1,-1,1,56.4
VD,570,-1,3,1,1,-1,-1,79.5
VD,571,1,1,1,-1,1,-1,70.7
VD,572,-1,1,1,-1,-1,1,66.2
VD,573,1,3,1,1,1,1,73.6
VD,574,1,1,1,-1,1,-1,55.3
VD,575,-1,1,1,-1,-1,1,63.0
VD,576,-1,3,1,1,-1,-1,66.8
VD,577,-1,3,1,1,-1,-1,63.5
VD,578,1,3,1,1,1,1,74.0
VD,579,-1,3,1,1,-1,-1,89.1
VD,580,-1,3,1,1,-1,-1,61.1
VD,581,1,3,1,1,1,1,91.3
VD,582,1,1,1,-1,1,-1,68.7
VD,583,-1,1,1,-1,-1,1,71.5
VD,584,-1,2,-1,1,1,-1,65.1
VD,585,-1,2,-1,1,1,-1,68.1
VD,586,1,2,-1,1,-1,1,56.2
VD,587,-1,1,1,-1,-1,1,68.6
VD,588,-1,3,1,1,-1,-1,82.7
VD,589,-1,3,1,1,-1,-1,83.0
VD,590,-1,2,-1,1,1,-1,74.3
VD,591,-1,3,1,1,-1,-1,94.3
VD,592,1,3,1,1,1,1,84.8
VD,593,-1,1,1,-1,-1,1,62.0
VD,594,-1,1,1,-1,-1,1,71.7
VD,595,1,2,-1,1,-1,1,62.5
VS,554,-1,1,1,-1,-1,1,61.9
VS,555,-1,1,1,-1,-1,1,73.8
VS,556,1,1,1,-1,1,-1,51.1
VS,557,-1,1,1,-1,-1,1,69.7
VS,558,1,3,1,1,1,1,83.9
VS,559,1,2,-1,1,-1,1,57.7
VS,560,-1,2,-1,1,1,-1,67.8
VS,561,-1,3,1,1,-1,-1,79.3
VS,562,-1,3,1,1,-1,-1,84.1
VS,563,1,2,-1,1,-1,1,69.7
VS,564,-1,3,1,1,-1,-1,54.9
VS,565,-1,1,1,-1,-1,1,68.2
VS,566,1,3,1,1,1,1,71.3
VS,567,1,2,-1,1,-1,1,57.6
VS,568,1,2,-1,1,-1,1,63.7
VS,569,-1,1,1,-1,-1,1,80.4
VS,570,-1,3,1,1,-1,-1,78.5
VS,571,1,1,1,-1,1,-1,76.8
VS,572,-1,1,1,-1,-1,1,74.8
VS,573,1,3,1,1,1,1,61.9
VS,574,-1,2,-1,1,1,-1,56.7
VS,575,-1,1,1,-1,-1,1,67.3
VS,576,-1,3,1,1,-1,-1,57.6
VS,577,-1,3,1,1,-1,-1,64.9
VS,578,1,3,1,1,1,1,60.0
VS,579,-1,3,1,1,-1,-1,70.8
VS,580,-1,3,1,1,-1,-1,51.7
VS,581,1,3,1,1,1,1,84.2
VS,582,1,1,1,-1,1,-1,74.3
VS,583,-1,1,1,-1,-1,1,82.0
VS,584,-1,2,-1,1,1,-1,61.9
VS,585,-1,2,-1,1,1,-1,69.8
VS,586,-1,1,1,-1,-1,1,67.0
VS,587,-1,1,1,-1,-1,1,78.3
VS,588,-1,3,1,1,-1,-1,78.7
VS,589,-1,3,1,1,-1,-1,78.8
VS,590,-1,2,-1,1,1,-1,67.8
VS,591,-1,3,1,1,-1,-1,96.1
VS,592,1,3,1,1,1,1,57.0
VS,593,-1,1,1,-1,-1,1,73.2
VS,594,-1,1,1,-1,-1,1,84.3
VS,595,-1,1,1,-1,-1,1,53.5
NE,554,1,2,-1,1,-1,1,53.2
NE,555,1,2,-1,1,-1,1,55.3
NE,556,-1,2,-1,1,1,-1,54.0
NE,557,-1,1,1,-1,-1,1,59.2
NE,558,1,3,1,1,1,1,89.2
NE,559,1,2,-1,1,-1,1,63.0
NE,560,-1,2,-1,1,1,-1,69.6
NE,561,-1,3,1,1,-1,-1,82.4
NE,562,-1,3,1,1,-1,-1,81.2
NE,563,1,2,-1,1,-1,1,75.9
NE,564,-1,3,1,1,-1,-1,51.8
NE,565,-1,1,1,-1,-1,1,64.4
NE,566,1,3,1,1,1,1,74.4
NE,567,1,2,-1,1,-1,1,69.8
NE,568,1,2,-1,1,-1,1,71.9
NE,569,1,2,-1,1,-1,1,67.7
NE,570,-1,3,1,1,-1,-1,80.8
NE,571,1,1,1,-1,1,-1,70.1
NE,572,-1,1,1,-1,-1,1,62.4
NE,573,1,3,1,1,1,1,67.0
NE,574,-1,2,-1,1,1,-1,53.3
NE,575,-1,1,1,-1,-1,1,55.5
NE,576,-1,3,1,1,-1,-1,62.9
NE,577,-1,3,1,1,-1,-1,50.6
NE,578,1,3,1,1,1,1,68.7
NE,579,-1,3,1,1,-1,-1,83.8
NE,580,-1,3,1,1,-1,-1,60.7
NE,581,1,3,1,1,1,1,93.7
NE,582,1,1,1,-1,1,-1,70.0
NE,583,-1,1,1,-1,-1,1,68.1
NE,584,-1,2,-1,1,1,-1,69.1
NE,585,-1,2,-1,1,1,-1,69.6
NE,586,1,2,-1,1,-1,1,60.3
NE,587,-1,1,1,-1,-1,1,60.5
NE,588,-1,3,1,1,-1,-1,78.2
NE,589,-1,3,1,1,-1,-1,80.0
NE,590,-1,2,-1,1,1,-1,71.7
NE,591,-1,3,1,1,-1,-1,94.1
NE,592,1,3,1,1,1,1,75.2
NE,593,-1,1,1,-1,-1,1,57.8
NE,594,-1,1,1,-1,-1,1,66.0
NE,595,1,2,-1,1,-1,1,60.0
GE,554,1,2,-1,1,-1,1,61.0
GE,555,1,2,-1,1,-1,1,56.0
GE,556,1,1,1,-1,1,-1,53.5
GE,557,-1,1,1,-1,-1,1,52.6
GE,558,1,3,1,1,1,1,91.7
GE,559,1,2,-1,1,-1,1,66.6
GE,560,-1,2,-1,1,1,-1,53.9
GE,561,-1,3,1,1,-1,-1,73.7
GE,562,-1,3,1,1,-1,-1,86.6
GE,563,1,2,-1,1,-1,1,82.5
GE,564,1,0,-1,-1,-1,-1,52.7
GE,565,1,2,-1,1,-1,1,51.8
GE,566,1,3,1,1,1,1,86.7
GE,567,1,2,-1,1,-1,1,79.1
GE,568,1,2,-1,1,-1,1,67.7
GE,569,1,2,-1,1,-1,1,57.7
GE,570,-1,3,1,1,-1,-1,74.0
GE,571,1,1,1,-1,1,-1,61.3
GE,572,-1,1,1,-1,-1,1,57.9
GE,573,1,3,1,1,1,1,77.8
GE,574,1,1,1,-1,1,-1,57.1
GE,575,-1,1,1,-1,-1,1,56.9
GE,576,-1,3,1,1,-1,-1,66.2
GE,577,-1,3,1,1,-1,-1,66.9
GE,578,1,3,1,1,1,1,76.6
GE,579,-1,3,1,1,-1,-1,86.2
GE,580,-1,3,1,1,-1,-1,60.9
GE,581,1,3,1,1,1,1,92.8
GE,582,1,1,1,-1,1,-1,73.6
GE,583,-1,1,1,-1,-1,1,66.0
GE,584,-1,2,-1,1,1,-1,67.8
GE,585,-1,2,-1,1,1,-1,73.1
GE,586,1,2,-1,1,-1,1,57.4
GE,587,-1,1,1,-1,-1,1,68.3
GE,588,-1,3,1,1,-1,-1,78.6
GE,589,-1,3,1,1,-1,-1,76.5
GE,590,-1,2,-1,1,1,-1,70.0
GE,591,-1,3,1,1,-1,-1,90.9
GE,592,1,3,1,1,1,1,82.2
GE,593,-1,1,1,-1,-1,1,57.8
GE,594,-1,1,1,-1,-1,1,71.9
GE,595,1,2,-1,1,-1,1,61.9
JU,554,1,2,-1,1,-1,1,52.0
JU,555,1,2,-1,1,-1,1,53.9
JU,556,-1,2,-1,1,1,-1,51.5
JU,557,-1,1,1,-1,-1,1,50.7
JU,558,1,3,1,1,1,1,88.2
JU,559,1,2,-1,1,-1,1,71.2
JU,560,-1,2,-1,1,1,-1,73.3
JU,561,-1,3,1,1,-1,-1,81.8
JU,562,-1,3,1,1,-1,-1,83.7
JU,563,1,2,-1,1,-1,1,75.4
JU,564,-1,3,1,1,-1,-1,57.9
JU,565,-1,1,1,-1,-1,1,71.9
JU,566,1,3,1,1,1,1,72.2
JU,567,1,2,-1,1,-1,1,70.3
JU,568,1,2,-1,1,-1,1,77.1
JU,569,1,2,-1,1,-1,1,62.8
JU,570,-1,3,1,1,-1,-1,82.0
JU,571,1,1,1,-1,1,-1,66.2
JU,572,-1,1,1,-1,-1,1,58.6
JU,573,1,3,1,1,1,1,59.5
JU,574,-1,2,-1,1,1,-1,65.3
JU,575,-1,1,1,-1,-1,1,52.2
JU,576,-1,3,1,1,-1,-1,55.4
JU,577,-1,3,1,1,-1,-1,62.5
JU,578,1,3,1,1,1,1,64.9
JU,579,-1,3,1,1,-1,-1,79.9
JU,580,-1,3,1,1,-1,-1,55.9
JU,581,1,3,1,1,1,1,90.7
JU,582,1,1,1,-1,1,-1,71.5
JU,583,-1,1,1,-1,-1,1,64.1
JU,584,-1,2,-1,1,1,-1,74.3
JU,585,-1,2,-1,1,1,-1,64.9
JU,586,1,2,-1,1,-1,1,63.0
JU,587,-1,1,1,-1,-1,1,59.2
JU,588,-1,3,1,1,-1,-1,77.2
JU,589,-1,3,1,1,-1,-1,80.6
JU,590,-1,2,-1,1,1,-1,57.2
JU,591,-1,3,1,1,-1,-1,94.1
JU,592,1,3,1,1,1,1,67.2
JU,593,-1,1,1,-1,-1,1,61.6
JU,594,-1,1,1,-1,-1,1,66.2
JU,595,1,2,-1,1,-1,1,58.6
