,All votations,Economie,Education,Environnement,Immigration,Sante,Securite,Social,Travail
ZH,0.0714285714286,0.25,0.333333333333,-0.222222222222,0.333333333333,0.285714285714,0.0,-0.428571428571,0.6
BE,0.166666666667,0.25,0.333333333333,-0.222222222222,0.333333333333,0.285714285714,0.5,-0.142857142857,0.6
LU,0.261904761905,0.25,0.333333333333,0.0,0.333333333333,0.285714285714,1.0,-0.142857142857,0.6
UR,0.214285714286,0.25,0.333333333333,0.0,0.333333333333,0.285714285714,1.0,-0.142857142857,0.2
SZ,0.261904761905,0.25,0.333333333333,0.0,0.333333333333,0.285714285714,1.0,-0.142857142857,0.6
OW,0.261904761905,0.25,0.333333333333,0.0,0.333333333333,0.285714285714,1.0,-0.142857142857,0.6
NW,0.261904761905,0.25,0.333333333333,0.0,0.333333333333,0.285714285714,1.0,-0.142857142857,0.6
GL,0.261904761905,0.25,0.333333333333,0.0,0.333333333333,0.285714285714,1.0,-0.142857142857,0.6
ZG,0.261904761905,0.25,0.333333333333,0.0,0.333333333333,0.285714285714,1.0,-0.142857142857,0.6
FR,-0.0238095238095,0.25,-0.333333333333,-0.444444444444,0.333333333333,0.285714285714,0.5,-0.428571428571,0.2
SO,0.166666666667,0.25,0.333333333333,-0.222222222222,0.333333333333,0.285714285714,1.0,-0.428571428571,0.6
BS,0.0238095238095,0.25,0.333333333333,-0.444444444444,0.333333333333,0.285714285714,0.0,-0.428571428571,0.6
BL,0.166666666667,0.25,0.333333333333,0.0,0.333333333333,0.285714285714,0.5,-0.428571428571,0.6
SH,0.119047619048,-0.25,0.333333333333,-0.222222222222,0.333333333333,0.285714285714,0.5,-0.142857142857,0.6
AR,0.214285714286,0.25,0.333333333333,-0.222222222222,0.333333333333,0.285714285714,1.0,-0.142857142857,0.6
AI,0.261904761905,0.25,0.333333333333,0.0,0.333333333333,0.285714285714,1.0,-0.142857142857,0.6
SG,0.214285714286,0.25,0.333333333333,-0.222222222222,0.333333333333,0.285714285714,1.0,-0.142857142857,0.6
GR,0.214285714286,0.25,0.333333333333,-0.222222222222,0.333333333333,0.285714285714,1.0,-0.142857142857,0.6
AG,0.214285714286,0.25,0.333333333333,-0.222222222222,0.333333333333,0.285714285714,1.0,-0.142857142857,0.6
TG,0.214285714286,0.25,0.333333333333,-0.222222222222,0.333333333333,0.285714285714,1.0,-0.142857142857,0.6
TI,0.214285714286,0.25,0.333333333333,0.222222222222,0.333333333333,0.285714285714,0.5,-0.428571428571,0.6
VD,-0.0238095238095,0.25,-0.333333333333,-0.222222222222,0.333333333333,0.0,0.0,-0.428571428571,0.6
VS,0.166666666667,0.25,-0.333333333333,0.444444444444,0.333333333333,0.285714285714,0.5,-0.428571428571,0.2
NE,-0.119047619048,0.25,-0.333333333333,-0.444444444444,0.333333333333,0.0,0.0,-0.428571428571,0.2
GE,-0.0714285714286,0.25,-0.333333333333,-0.222222222222,0.333333333333,-0.285714285714,0.0,-0.428571428571,0.6
JU,-0.119047619048,0.25,-0.333333333333,-0.444444444444,0.333333333333,0.0,0.0,-0.428571428571,0.2
