,Outcome,Left_won,Right_won,Recom_right,Recom_left,Won
554,-1,0,1,-1,1,1
555,1,1,0,-1,1,2
556,-1,1,0,1,-1,2
557,-1,0,1,-1,1,1
558,1,1,1,1,1,3
559,-1,0,1,-1,1,1
560,-1,1,0,1,-1,2
561,-1,1,1,-1,-1,3
562,-1,1,1,-1,-1,3
563,1,1,0,-1,1,2
564,-1,1,1,-1,-1,3
565,-1,0,1,-1,1,1
566,1,1,1,1,1,3
567,1,1,0,-1,1,2
568,1,1,0,-1,1,2
569,1,1,0,-1,1,2
570,-1,1,1,-1,-1,3
571,1,0,1,1,-1,1
572,-1,0,1,-1,1,1
573,1,1,1,1,1,3
574,1,0,1,1,-1,1
575,-1,0,1,-1,1,1
576,-1,1,1,-1,-1,3
577,-1,1,1,-1,-1,3
578,1,1,1,1,1,3
579,-1,1,1,-1,-1,3
580,1,0,0,-1,-1,0
581,1,1,1,1,1,3
582,1,0,1,1,-1,1
583,-1,0,1,-1,1,1
584,-1,1,0,1,-1,2
585,-1,1,0,1,-1,2
586,-1,0,1,-1,1,1
587,-1,0,1,-1,1,1
588,-1,1,1,-1,-1,3
589,-1,1,1,-1,-1,3
590,-1,1,0,1,-1,2
591,-1,1,1,-1,-1,3
592,1,1,1,1,1,3
593,-1,0,1,-1,1,1
594,-1,0,1,-1,1,1
595,1,1,0,-1,1,2
