,All votations,economie,education,environnement,immigration,sante,securite,social,travail
ZH,1,1,1,2,1,1,0,2,1
BE,1,1,1,2,1,1,1,2,1
LU,1,1,1,0,1,1,1,2,1
UR,1,1,1,0,1,1,1,2,1
SZ,1,1,1,0,1,1,1,2,1
OW,1,1,1,0,1,1,1,2,1
NW,1,1,1,0,1,1,1,2,1
GL,1,1,1,0,1,1,1,2,1
ZG,1,1,1,0,1,1,1,2,1
FR,2,1,2,2,1,1,1,2,1
SO,1,1,1,2,1,1,1,2,1
BS,1,1,1,2,1,1,0,2,1
BL,1,1,1,0,1,1,1,2,1
SH,1,2,1,2,1,1,1,2,1
AR,1,1,1,2,1,1,1,2,1
AI,1,1,1,0,1,1,1,2,1
SG,1,1,1,2,1,1,1,2,1
GR,1,1,1,2,1,1,1,2,1
AG,1,1,1,2,1,1,1,2,1
TG,1,1,1,2,1,1,1,2,1
TI,1,1,1,1,1,1,1,2,1
VD,2,1,2,2,1,0,0,2,1
VS,1,1,2,1,1,1,1,2,1
NE,2,1,2,2,1,0,0,2,1
GE,2,1,2,2,1,2,0,2,1
JU,2,1,2,2,1,0,0,2,1
